3879|8|4816|38|581|51|15|11.70|0|"SUCIA"
4304|10|4459|11|66|29|0|29.60|0|"LIMPI"
4343|9|4444|37|266|13|5|14.64|0|"INSEM"
4387|8|4431|37|632|27|19|15.00|0|"INSEM"
4464|9|4408|37|339|15|9|18.80|0|"INSEM"
4562|7|4383|26|579|247|22|3.90|64|"CARGA"
4662|9|4318|9|15|0|0|20.70|0|"FRESC"
5123|7|4004|35|262|150|2|30.10|0|"CARGA"
5136|6|4025|36|394|189|1|22.50|0|"SUCIA"
5249|6|3861|37|418|20|9|19.30|0|"INSEM"
5260|7|4269|37|189|76|1|16.40|0|"VACIA"
5269|7|3901|19|109|0|0|35.00|0|"ANEST"
5361|7|3717|19|575|16|15|34.20|0|"INSEM"
5424|7|3675|36|233|81|1|23.50|0|"SUCIA"
5439|6|3722|38|356|0|0|10.10|0|"ANEST"
5440|7|3699|10|47|0|0|44.70|0|"FRESC"
5457|7|3601|32|279|270|1|13.60|43|"CARGA"
5488|9|3637|9|29|0|0|52.60|0|"FRESC"
5531|6|3641|36|486|111|9|23.90|0|"CARGA"
5582|7|3578|24|393|190|5|9.00|36|"CARGA"
5585|5|3591|38|709|188|19|6.10|0|"CARGA"
5603|8|3578|36|172|114|1|24.30|0|"VACIA"
5680|6|3613|26|620|270|14|3.70|64|"CARGA"
5684|7|3595|37|381|29|8|14.80|0|"INSEM"
5727|5|3414|20|582|10|20|31.40|0|"INSEM"
5738|5|3363|35|388|11|5|27.60|0|"INSEM"
5762|6|3346|35|281|145|2|29.80|0|"CARGA"
5776|6|3331|35|193|102|1|25.80|0|"CARGA"
5777|8|3355|9|17|0|0|15.90|0|"FRESC"
5787|6|3372|10|43|0|0|46.80|0|"FRESC"
5824|6|3357|20|96|34|1|30.70|0|"INSEM"
5828|5|3269|17|210|27|2|41.50|0|"INSEM"
5855|6|3308|39|358|149|6|0.80|0|"CARGA"
5860|7|3225|35|119|29|2|30.20|0|"INSEM"
5926|7|3228|10|43|0|0|45.50|0|"FRESC"
5947|5|3194|32|536|273|15|15.50|50|"CARGA"
5952|7|3216|36|288|229|1|23.10|0|"CARGA"
5966|4|3220|38|572|167|6|11.80|0|"CARGA"
5970|4|3218|36|187|36|4|25.00|0|"INSEM"
6005|7|3127|20|70|0|0|32.30|0|"ANEST"
6058|6|3076|18|100|28|1|39.20|0|"INSEM"
6077|6|3030|18|250|42|7|39.10|0|"INSEM"
6079|6|3057|9|12|0|0|0.00|0|"FRESC"
6100|6|3070|11|47|0|0|38.50|0|"FRESC"
6114|6|3077|16|311|29|4|45.60|0|"INSEM"
6118|6|3037|29|355|290|2|32.00|64|"CARGA"
6119|5|3010|20|277|193|2|30.90|0|"CARGA"
6125|5|2996|38|599|155|13|13.10|0|"CARGA"
6136|5|2998|17|336|34|5|40.40|0|"INSEM"
6137|7|3111|20|96|12|1|33.00|0|"INSEM"
6167|6|2936|31|288|249|1|11.70|22|"CARGA"
6170|6|2947|15|175|78|2|49.50|0|"CARGA"
6179|7|2952|20|92|32|1|31.00|0|"INSEM"
6210|5|2905|9|18|0|0|26.40|0|"FRESC"
6212|6|2928|18|262|23|5|39.50|0|"INSEM"
6213|5|2934|19|238|137|2|34.70|0|"CARGA"
6240|6|2876|11|56|0|0|39.40|0|"ANEST"
6263|5|2907|35|397|91|8|27.60|0|"CARGA"
6273|6|2935|37|333|206|2|18.00|0|"CARGA"
6285|5|3187|36|284|223|1|25.10|0|"CARGA"
6295|5|2883|17|321|44|8|42.50|0|"INSEM"
6299|5|2808|29|371|290|6|38.30|64|"CARGA"
6301|6|3108|38|253|158|2|8.20|0|"CARGA"
6303|5|2721|10|36|0|0|38.70|0|"FRESC"
6307|6|2894|36|331|16|1|25.30|0|"INSEM"
6322|5|2847|32|347|271|2|11.70|43|"CARGA"
6323|4|2836|26|561|227|13|6.00|64|"CARGA"
6325|5|2818|38|308|12|6|12.60|0|"INSEM"
6327|7|2887|11|59|0|0|52.20|0|"ANEST"
6328|6|2884|20|108|34|2|32.20|0|"INSEM"
6331|4|2722|24|582|188|13|8.30|36|"CARGA"
6339|5|2829|15|378|105|6|48.20|0|"CARGA"
6364|5|2812|18|387|145|2|39.00|0|"CARGA"
6367|5|2804|19|217|10|5|35.70|0|"INSEM"
6370|4|2778|37|403|106|9|20.20|0|"CARGA"
6392|5|2771|31|357|249|3|15.00|22|"CARGA"
6400|5|2765|35|358|204|3|27.00|0|"CARGA"
6402|4|2772|29|426|276|6|3.50|64|"CARGA"
6417|6|2755|11|67|11|1|48.50|0|"INSEM"
6427|5|2891|38|301|187|3|12.60|0|"CARGA"
6429|5|2766|18|281|95|6|39.20|0|"CARGA"
6432|4|2731|36|591|61|7|25.60|0|"VACIA"
6433|5|2774|37|202|12|3|18.70|0|"INSEM"
6437|4|2806|26|496|195|13|7.10|64|"CARGA"
6450|5|2733|11|54|0|0|26.00|0|"FRESC"
6451|5|2768|18|69|12|1|38.70|0|"INSEM"
6452|4|2721|38|586|136|10|9.00|0|"CARGA"
6462|4|2723|20|302|14|8|33.00|0|"INSEM"
6463|6|2768|19|390|20|5|36.30|0|"INSEM"
6465|6|2843|18|309|15|14|39.20|0|"INSEM"
6470|5|2821|11|50|0|0|34.40|0|"FRESC"
6493|5|2690|18|251|128|3|37.30|0|"CARGA"
6494|4|2825|29|456|285|7|4.80|64|"CARGA"
6512|5|2685|10|40|0|0|44.70|0|"FRESC"
6516|4|2585|38|180|62|4|9.00|0|"VACIA"
6517|4|2737|37|388|156|7|20.00|0|"CARGA"
6521|6|2771|11|60|27|0|25.50|0|"LIMPI"
6534|5|2725|37|291|200|1|16.80|0|"CARGA"
6541|5|2681|31|341|254|2|20.00|29|"CARGA"
6542|6|2713|16|71|12|1|46.70|0|"INSEM"
6549|4|2907|24|322|251|3|9.00|36|"CARGA"
6554|4|2667|18|368|25|5|38.20|0|"INSEM"
6561|4|2639|37|318|43|8|19.30|0|"INSEM"
6566|5|2635|15|225|74|4|48.70|0|"VACIA"
6584|5|2636|36|291|229|1|21.80|0|"CARGA"
6593|6|2601|10|38|0|0|28.60|0|"FRESC"
6606|5|2597|16|220|125|1|46.00|0|"CARGA"
6616|5|2577|32|357|266|3|20.70|43|"CARGA"
6618|4|2596|18|213|12|6|38.80|0|"INSEM"
6625|5|2695|18|222|181|1|37.90|0|"CARGA"
6626|5|2579|26|309|234|3|3.20|64|"CARGA"
6628|5|2606|29|328|290|2|18.40|64|"CARGA"
6630|5|2635|15|183|33|3|53.10|0|"INSEM"
6654|6|2571|37|94|10|1|20.00|0|"INSEM"
6657|6|2581|11|61|0|0|50.20|0|"ANEST"
6666|5|2582|19|173|10|5|36.40|0|"INSEM"
6669|4|2627|15|129|55|1|48.80|0|"INSEM"
6672|5|2605|37|346|40|9|18.40|0|"INSEM"
6680|4|2621|38|566|228|9|13.90|0|"CARGA"
6685|5|2567|19|294|194|2|35.20|0|"CARGA"
6686|5|2606|20|280|214|1|31.70|0|"CARGA"
6690|3|2578|39|487|129|8|6.00|0|"CARGA"
6710|5|2553|20|336|24|6|33.50|0|"INSEM"
6714|5|2554|31|279|251|1|23.30|29|"CARGA"
6716|5|2564|37|255|151|3|15.00|0|"CARGA"
6717|6|2543|11|49|0|0|4.20|0|"FRESC"
6729|4|2538|20|531|228|5|30.70|0|"CARGA"
6732|4|2560|20|342|0|0|30.40|0|"ANEST"
6736|5|2555|37|311|234|1|18.00|0|"CARGA"
6743|5|2534|17|316|151|3|42.90|0|"CARGA"
6747|5|2509|35|258|0|0|26.20|0|"ANEST"
6749|5|2527|17|182|113|1|40.60|0|"VACIA"
6756|6|2534|10|33|0|0|28.00|0|"FRESC"
6758|5|2529|9|31|0|0|41.50|0|"FRESC"
6762|4|2537|18|97|0|0|38.80|0|"ANEST"
6764|5|2522|31|349|262|4|13.10|36|"CARGA"
6768|5|2512|15|174|13|2|67.90|0|"INSEM"
6769|5|2522|20|272|122|3|33.10|0|"CARGA"
6773|4|2493|17|273|60|8|41.80|0|"CARGA"
6776|5|2526|32|282|239|1|26.10|15|"CARGA"
6785|5|2512|37|325|16|3|19.20|0|"INSEM"
6790|5|2561|11|57|0|0|25.80|0|"ANEST"
6791|3|2493|26|528|249|8|7.30|64|"CARGA"
6792|5|2535|35|267|211|1|28.90|0|"CARGA"
6797|4|2495|38|505|173|7|7.30|0|"CARGA"
6799|5|2482|37|369|187|5|20.20|0|"CARGA"
6800|5|2515|18|308|169|2|37.80|0|"CARGA"
6808|3|2507|38|518|38|17|12.60|0|"INSEM"
6809|5|2485|35|309|153|4|29.80|0|"CARGA"
6811|4|2516|35|286|159|2|26.70|0|"CARGA"
6813|4|2628|19|340|16|8|37.00|0|"INSEM"
6823|5|2503|35|260|187|1|25.90|0|"CARGA"
6828|4|2514|38|380|230|2|8.40|0|"CARGA"
6832|4|2559|39|426|39|10|4.90|0|"INSEM"
6835|3|2490|37|572|21|18|17.00|0|"SUCIA"
6847|4|2549|38|369|122|6|10.00|0|"CARGA"
6850|5|2580|19|267|22|6|35.70|0|"INSEM"
6854|5|2536|37|307|18|2|17.30|0|"INSEM"
6858|5|2521|18|327|222|2|38.00|0|"CARGA"
6860|5|2518|9|32|0|0|27.30|0|"FRESC"
6861|4|2481|9|13|0|0|1.20|0|"FRESC"
6871|5|2474|37|279|23|4|17.60|0|"INSEM"
6874|5|2517|20|334|162|4|33.90|0|"CARGA"
6877|4|2509|35|450|206|5|27.60|0|"CARGA"
6880|5|2455|9|21|0|0|31.60|0|"FRESC"
6882|4|2503|20|280|216|1|33.40|0|"CARGA"
6883|3|2590|38|624|146|19|10.80|0|"CARGA"
6884|4|2554|35|317|107|8|27.00|0|"CARGA"
6891|4|2500|38|429|110|12|6.50|0|"CARGA"
6893|5|2338|19|292|169|4|35.60|0|"CARGA"
6904|5|2494|17|228|73|3|41.20|0|"CARGA"
6906|5|2461|36|178|26|4|23.90|0|"INSEM"
6908|3|2458|19|539|17|14|34.80|0|"INSEM"
6909|4|2461|19|319|161|3|35.70|0|"CARGA"
6913|4|2473|29|573|283|9|6.60|148|"CARGA"
6915|3|2466|37|595|190|12|18.70|0|"CARGA"
6917|5|2489|15|197|46|3|49.40|0|"INSEM"
6920|5|2472|16|212|152|1|43.80|0|"CARGA"
6927|5|2443|16|232|35|6|43.30|0|"INSEM"
6928|4|2494|31|367|258|3|34.00|36|"CARGA"
6929|4|2488|31|487|263|10|6.80|36|"CARGA"
6936|5|2480|19|184|127|1|35.40|0|"CARGA"
6938|4|2575|29|292|378|4|3.60|285|"CARGA"
6939|5|2473|10|34|0|0|21.60|0|"FRESC"
6950|5|2438|40|11|0|0|0.00|0|"FRESC"
6951|5|2461|20|305|229|1|32.20|0|"CARGA"
6952|4|2487|11|51|0|0|45.20|0|"FRESC"
6954|5|2420|9|20|0|0|24.10|0|"FRESC"
6958|4|2432|26|235|252|2|2.30|148|"CARGA"
6964|5|2432|37|315|225|2|20.00|0|"CARGA"
6976|4|2506|9|31|0|0|38.20|0|"FRESC"
6980|5|2621|15|147|33|2|50.80|0|"INSEM"
6985|5|2490|32|279|240|1|9.30|15|"CARGA"
6987|5|2403|35|120|11|2|26.20|0|"INSEM"
6988|5|2391|15|94|10|2|50.10|0|"INSEM"
6992|3|2425|20|191|22|6|32.90|0|"INSEM"
6995|5|2378|9|22|0|0|32.10|0|"FRESC"
6996|4|2488|18|291|12|9|39.30|0|"INSEM"
7007|3|2321|26|426|256|8|6.80|148|"CARGA"
7017|4|2442|38|404|131|6|7.10|0|"CARGA"
7018|4|2369|38|250|12|7|11.80|0|"INSEM"
7019|4|2383|24|411|250|7|8.60|121|"CARGA"
7029|5|2268|36|236|16|4|25.30|0|"INSEM"
7030|4|2387|39|610|186|11|3.80|0|"CARGA"
7036|5|2590|15|108|27|0|50.60|0|"SUCIA"
7039|4|2361|36|315|127|5|20.70|0|"CARGA"
7040|4|2391|32|295|237|1|20.50|15|"CARGA"
7043|3|2414|35|377|21|7|27.20|0|"INSEM"
7044|5|2343|16|114|54|1|44.10|0|"CARGA"
7045|4|2352|36|372|34|7|20.30|0|"INSEM"
7046|4|2493|24|388|194|5|7.10|92|"CARGA"
7055|4|2361|29|326|284|2|11.60|57|"CARGA"
7056|4|2204|16|381|15|6|44.60|0|"SUCIA"
7059|4|2448|36|330|215|5|21.40|0|"CARGA"
7061|3|2330|35|311|15|8|29.90|0|"INSEM"
7066|5|2330|10|42|0|0|24.30|0|"FRESC"
7067|3|2366|24|174|179|3|4.90|121|"CARGA"
7070|4|2353|17|335|13|10|42.00|0|"INSEM"
7079|3|2291|37|683|49|18|14.20|0|"SUCIA"
7081|4|2318|16|95|16|1|43.80|0|"SUCIA"
7087|4|2375|16|183|36|4|44.50|0|"INSEM"
7095|5|2293|16|147|17|4|44.80|0|"INSEM"
7099|4|2311|39|398|150|6|5.10|0|"CARGA"
7108|4|2182|31|329|248|3|13.30|22|"CARGA"
7112|4|2221|17|235|31|5|41.50|0|"INSEM"
7116|4|2262|35|216|155|1|27.10|0|"CARGA"
7124|2|2291|20|486|235|8|34.00|0|"CARGA"
7125|4|2231|37|324|99|3|16.70|0|"CARGA"
7126|4|2245|38|403|14|13|10.50|0|"INSEM"
7128|4|2434|19|273|190|2|34.30|0|"CARGA"
7129|3|2306|37|722|16|11|18.80|0|"INSEM"
7130|3|2313|36|514|52|9|21.80|0|"INSEM"
7132|5|2247|10|43|0|0|55.40|0|"FRESC"
7137|5|2270|9|15|0|0|37.90|0|"FRESC"
7138|4|2287|9|29|0|0|45.00|0|"FRESC"
7140|4|2244|29|317|296|2|20.20|71|"CARGA"
7144|4|2250|24|368|190|6|8.90|36|"CARGA"
7145|3|2242|20|386|124|6|31.40|0|"CARGA"
7149|4|2285|3|2|0|0|0.00|0|"FRESC"
7151|4|2115|31|315|249|2|19.40|22|"CARGA"
7154|4|2222|19|213|20|5|35.70|0|"INSEM"
7155|3|2261|26|354|255|3|5.60|64|"CARGA"
7156|4|2293|38|243|39|4|8.70|0|"INSEM"
7157|4|2251|15|75|14|1|57.30|0|"INSEM"
7159|4|2236|20|302|22|7|30.40|0|"INSEM"
7161|3|2250|19|619|25|6|34.40|0|"INSEM"
7165|3|2247|38|408|27|8|13.00|0|"INSEM"
7169|5|2209|36|110|22|2|20.80|0|"INSEM"
7170|4|2229|16|83|16|1|45.20|0|"INSEM"
7173|4|2233|15|273|158|3|48.50|0|"CARGA"
7174|4|2257|15|231|106|2|58.00|0|"CARGA"
7175|4|2181|11|54|0|0|54.40|0|"FRESC"
7178|3|2201|24|327|244|3|5.00|36|"CARGA"
7179|5|2217|10|33|0|0|43.40|0|"FRESC"
7180|4|2130|18|418|41|3|38.90|0|"INSEM"
7181|5|2198|9|28|0|0|30.80|0|"FRESC"
7190|4|2213|29|323|284|2|20.20|57|"CARGA"
7195|4|2238|18|284|168|2|39.20|0|"CARGA"
7199|4|2257|36|218|14|4|23.90|0|"INSEM"
7200|4|2277|24|431|256|4|1.70|36|"CARGA"
7201|4|2234|37|368|158|4|19.90|0|"CARGA"
7207|3|2201|31|366|250|4|10.80|22|"CARGA"
7208|5|2189|17|72|0|0|40.00|0|"ANEST"
7210|4|2192|38|345|0|0|6.00|0|"ANEST"
7217|4|2185|31|281|264|1|19.10|36|"CARGA"
7220|4|2189|38|302|159|2|8.40|0|"CARGA"
7222|4|2189|9|15|0|0|21.00|0|"FRESC"
7223|4|2217|32|314|272|2|28.00|50|"CARGA"
7226|4|2178|29|312|279|2|20.40|57|"CARGA"
7228|4|2177|20|375|89|5|32.50|0|"CARGA"
7231|4|2206|35|276|198|2|27.90|0|"CARGA"
7232|4|2234|19|261|194|1|34.50|0|"CARGA"
7237|4|2174|24|293|169|6|8.00|92|"CARGA"
7238|4|2224|35|239|28|6|29.00|0|"INSEM"
7242|4|2231|24|351|226|3|7.20|36|"CARGA"
7244|4|2208|36|273|19|6|22.50|0|"INSEM"
7245|4|2222|19|306|208|2|34.90|0|"CARGA"
7247|4|2173|36|398|27|11|20.50|0|"INSEM"
7249|4|2104|10|38|0|0|50.80|0|"FRESC"
7257|4|2172|38|380|192|3|11.20|0|"CARGA"
7259|3|2179|29|229|566|2|1.70|482|"CARGA"
7261|4|2192|17|238|33|3|41.90|0|"INSEM"
7264|3|2202|19|372|20|15|35.20|0|"INSEM"
7265|4|2219|31|289|263|1|15.50|36|"CARGA"
7267|4|2237|39|422|234|5|3.80|0|"CARGA"
7268|4|2102|18|217|40|5|39.60|0|"INSEM"
7272|4|2178|37|296|190|2|20.10|0|"CARGA"
7274|2|2203|36|658|34|13|25.50|0|"INSEM"
7277|2|2166|35|615|161|9|29.00|0|"CARGA"
7287|4|2084|18|367|161|6|38.90|0|"CARGA"
7293|4|2168|39|327|198|4|2.10|0|"CARGA"
7297|4|2139|20|280|19|7|30.60|0|"INSEM"
7302|4|2242|36|293|181|2|20.80|0|"CARGA"
7305|3|2163|19|530|85|9|35.40|0|"CARGA"
7307|4|2143|16|132|10|2|43.80|0|"INSEM"
7308|4|2128|32|292|266|2|33.20|43|"CARGA"
7310|4|2220|19|303|13|0|35.50|0|"SUCIA"
7311|2|2199|29|564|300|8|8.80|183|"CARGA"
7313|3|2172|39|594|228|12|2.00|0|"CARGA"
7314|4|2165|10|33|0|0|23.40|0|"FRESC"
7315|4|2137|11|59|0|0|36.30|0|"ANEST"
7317|4|2112|9|29|0|0|24.00|0|"FRESC"
7318|4|2197|18|100|36|1|38.20|0|"INSEM"
7324|3|2141|16|82|19|1|46.70|0|"INSEM"
7325|4|2131|32|308|241|2|37.80|15|"CARGA"
7328|3|2130|15|84|0|0|50.20|0|"ANEST"
7329|4|2118|29|270|288|1|29.80|64|"CARGA"
7331|3|2137|38|432|184|2|13.70|0|"CARGA"
7334|4|2152|9|23|0|0|25.40|0|"FRESC"
7335|4|2125|16|189|33|3|43.40|0|"INSEM"
7336|5|2137|9|17|0|0|36.90|0|"FRESC"
7341|4|2159|20|261|203|1|31.50|0|"CARGA"
7344|3|2155|32|468|266|6|33.20|43|"CARGA"
7345|4|2113|11|49|0|0|41.70|0|"FRESC"
7347|4|2112|32|361|237|3|26.00|15|"CARGA"
7349|3|2121|31|382|248|3|33.70|22|"CARGA"
7352|5|2114|10|36|0|0|41.20|0|"FRESC"
7354|4|2091|39|332|181|3|5.60|0|"CARGA"
7356|4|2052|18|125|68|1|38.90|0|"CARGA"
7359|4|2136|9|21|0|0|32.20|0|"FRESC"
7365|4|2100|37|270|160|2|19.30|0|"CARGA"
7366|4|2085|32|285|272|1|19.60|50|"CARGA"
7367|4|2122|15|225|98|2|50.00|0|"CARGA"
7368|3|2096|19|313|19|8|36.00|0|"INSEM"
7371|4|2131|16|262|27|5|44.50|0|"INSEM"
7372|4|2138|20|92|27|1|33.60|0|"INSEM"
7373|4|2109|11|53|24|0|44.00|0|"LIMPI"
7379|3|2086|17|335|27|10|40.50|0|"INSEM"
7386|4|2135|10|36|0|0|28.90|0|"FRESC"
7387|4|2096|36|322|187|2|22.80|0|"CARGA"
7390|3|2099|36|456|168|6|25.60|0|"CARGA"
7392|4|2087|16|288|34|2|45.30|0|"INSEM"
7395|4|2138|17|277|31|5|42.30|0|"INSEM"
7396|2|2085|20|562|69|7|30.70|0|"VACIA"
7400|5|2090|9|22|0|0|36.40|0|"FRESC"
7403|3|2209|35|159|10|2|29.30|0|"INSEM"
7405|3|2220|38|501|65|6|11.10|0|"CARGA"
7409|2|2089|19|387|26|9|34.80|0|"INSEM"
7415|4|2103|9|31|0|0|32.40|0|"FRESC"
7416|3|2083|18|310|214|1|37.60|0|"CARGA"
7418|4|2087|16|289|159|2|45.00|0|"CARGA"
7422|3|2126|36|601|97|8|23.60|0|"CARGA"
7423|4|2088|10|36|0|0|24.60|0|"FRESC"
7424|3|2102|36|202|62|1|25.20|0|"VACIA"
7425|4|2030|20|254|165|1|33.00|0|"CARGA"
7426|3|2029|24|537|208|6|0.20|36|"CARGA"
7427|3|2042|38|471|228|6|6.50|0|"CARGA"
7428|3|2098|35|258|204|1|26.20|0|"CARGA"
7429|4|2174|15|208|130|1|64.70|0|"CARGA"
7430|2|2024|32|522|273|5|24.00|50|"CARGA"
7431|4|2137|17|238|114|3|42.20|0|"CARGA"
7433|4|2054|11|50|0|0|60.70|0|"FRESC"
7434|3|2105|17|70|0|0|40.50|0|"ANEST"
7435|4|2045|9|18|0|0|46.20|0|"FRESC"
7436|4|2064|15|226|114|2|54.50|0|"CARGA"
7438|3|2044|32|306|274|3|30.10|50|"CARGA"
7439|4|2063|15|204|146|1|49.30|0|"CARGA"
7442|4|2024|10|34|0|0|48.20|0|"FRESC"
7445|3|2172|36|157|29|4|24.90|0|"INSEM"
7446|3|2131|26|406|229|7|3.90|64|"CARGA"
7455|3|2146|38|333|181|2|12.20|0|"CARGA"
7456|3|2032|11|47|0|0|51.70|0|"FRESC"
7460|2|2046|37|591|132|11|17.80|0|"CARGA"
7461|4|2038|9|24|0|0|27.20|0|"FRESC"
7463|4|2045|36|278|202|2|24.80|0|"CARGA"
7468|3|2181|20|354|19|12|31.30|0|"INSEM"
7469|3|2068|36|543|14|15|24.30|0|"INSEM"
7470|3|2037|19|386|168|2|36.20|0|"CARGA"
7471|3|2073|31|520|255|5|15.90|29|"CARGA"
7474|3|2036|31|289|262|1|15.90|36|"CARGA"
7476|4|2027|10|36|0|0|44.30|0|"FRESC"
7477|3|2054|20|266|207|1|32.00|0|"CARGA"
7478|3|2096|35|264|201|1|27.60|0|"CARGA"
7479|3|2059|18|396|27|4|37.90|0|"INSEM"
7480|3|2057|11|52|0|0|49.40|0|"FRESC"
7481|2|2106|26|751|266|13|0.80|64|"CARGA"
7486|3|1998|32|348|238|2|29.30|15|"CARGA"
7489|3|2008|38|616|201|9|13.90|0|"CARGA"
7491|3|2142|20|327|160|2|31.90|0|"CARGA"
7492|4|2023|17|239|181|1|42.40|0|"CARGA"
7494|3|2047|38|358|204|3|8.60|0|"CARGA"
7495|3|2128|31|351|258|3|26.00|29|"CARGA"
7499|4|2034|11|54|0|0|52.90|0|"FRESC"
7500|2|1979|35|575|204|5|25.60|0|"CARGA"
7502|3|2005|20|299|202|1|32.90|0|"CARGA"
7505|3|1842|16|310|89|5|45.50|0|"CARGA"
7507|4|2074|20|119|46|2|31.10|0|"INSEM"
7508|3|2074|36|288|231|1|24.80|0|"CARGA"
7510|4|1954|15|101|88|0|48.30|0|"LIMPI"
7511|3|1999|15|146|59|1|53.30|0|"VACIA"
7514|4|2023|18|150|12|3|37.60|0|"INSEM"
7516|3|1933|10|43|0|0|36.00|0|"FRESC"
7517|3|1961|11|61|11|0|42.70|0|"SUCIA"
7518|3|2048|17|273|27|6|43.20|0|"INSEM"
7519|2|1949|26|563|259|12|7.60|64|"CARGA"
7522|3|1967|20|380|177|7|32.70|0|"CARGA"
7529|3|1980|17|264|27|3|41.60|0|"SUCIA"
7533|2|2037|38|897|186|22|6.60|0|"VACIA"
7538|3|2044|37|417|149|1|18.80|0|"ABORT"
7539|3|2030|38|433|200|7|13.50|0|"CARGA"
7541|3|1971|16|126|22|2|43.30|0|"INSEM"
7542|3|1971|35|386|43|11|29.90|0|"INSEM"
7545|3|2001|37|475|196|5|17.20|0|"CARGA"
7547|2|1933|17|308|13|5|42.00|0|"SUCIA"
7548|3|1984|18|241|181|1|37.30|0|"CARGA"
7549|4|1931|15|81|13|1|50.00|0|"INSEM"
7551|3|1922|31|365|249|3|22.00|22|"CARGA"
7552|3|1918|31|309|264|1|44.50|29|"CARGA"
7553|3|1908|38|299|230|1|6.20|0|"CARGA"
7554|4|2034|15|183|132|1|47.70|0|"CARGA"
7555|3|1926|32|384|270|5|28.20|43|"CARGA"
7556|3|1882|19|323|230|1|34.20|0|"CARGA"
7557|3|1970|29|256|277|4|8.20|148|"CARGA"
7558|3|1962|15|79|0|0|46.90|0|"ANEST"
7560|2|1992|29|405|287|3|19.60|64|"CARGA"
7561|2|1906|20|628|25|8|31.20|0|"INSEM"
7566|2|1783|37|520|49|14|17.30|0|"INSEM"
7571|3|1963|32|344|237|2|31.00|15|"CARGA"
7573|3|1900|10|39|0|0|49.40|0|"FRESC"
7574|4|1914|9|18|0|0|24.00|0|"FRESC"
7576|3|2003|36|195|20|5|22.60|0|"INSEM"
7577|3|1899|31|293|250|1|21.70|22|"CARGA"
7578|3|1894|32|381|242|4|16.80|15|"CARGA"
7580|3|1887|37|328|44|10|16.30|0|"INSEM"
7582|3|1878|19|318|224|1|35.40|0|"CARGA"
7587|1|1874|5|1216|20|19|28.60|0|"INSEM"
7595|3|1877|19|396|232|3|34.30|0|"CARGA"
7598|3|1883|20|303|206|2|31.20|0|"CARGA"
7599|3|1873|9|25|0|0|32.50|0|"FRESC"
7602|3|1890|15|228|150|2|50.30|0|"CARGA"
7603|3|1873|31|328|251|1|17.10|29|"CARGA"
7605|4|1873|15|85|14|2|57.10|0|"INSEM"
7607|2|1870|38|637|29|21|9.70|0|"SUCIA"
7608|3|1902|17|313|171|3|42.20|0|"CARGA"
7609|4|1893|11|61|0|0|51.80|0|"ANEST"
7611|3|1869|20|260|206|1|32.40|0|"CARGA"
7613|4|1900|10|40|0|0|52.50|0|"FRESC"
7615|3|1848|36|385|216|3|22.60|0|"CARGA"
7618|3|1846|29|275|282|1|32.60|57|"CARGA"
7619|4|1837|9|13|0|0|32.40|0|"FRESC"
7621|3|1872|31|409|261|4|7.30|36|"CARGA"
7625|3|1868|31|284|263|1|32.80|36|"CARGA"
7626|3|1819|32|307|272|1|28.00|50|"CARGA"
7628|3|1971|35|391|21|6|26.70|0|"INSEM"
7631|2|1986|31|410|255|3|9.90|29|"CARGA"
7632|3|1843|15|86|39|1|50.00|0|"INSEM"
7634|2|1872|29|541|288|13|5.30|183|"CARGA"
7635|3|1866|38|254|122|5|12.20|0|"CARGA"
7636|4|1844|16|83|0|0|45.30|0|"ANEST"
7637|4|1840|10|43|0|0|50.70|0|"FRESC"
7638|3|1967|20|345|209|1|33.80|0|"CARGA"
7639|4|1992|11|51|0|0|42.90|0|"FRESC"
7640|3|1875|29|287|280|1|14.80|57|"CARGA"
7643|3|1831|16|155|46|3|46.40|0|"INSEM"
7644|3|1967|35|322|212|3|28.50|0|"CARGA"
7645|3|1854|26|197|269|2|8.00|148|"CARGA"
7650|3|1859|17|374|45|7|41.40|0|"INSEM"
7652|3|1904|9|32|0|0|42.60|0|"FRESC"
7655|3|1846|36|324|136|5|22.30|0|"CARGA"
7656|3|1840|18|320|118|6|39.10|0|"CARGA"
7659|3|1811|19|272|13|5|35.10|0|"INSEM"
7660|3|1842|16|333|193|2|43.30|0|"CARGA"
7663|3|1839|17|247|51|3|40.20|0|"INSEM"
7665|3|1825|20|352|34|7|31.50|0|"INSEM"
7670|3|1894|32|302|268|1|25.40|43|"CARGA"
7671|4|1836|9|31|0|0|41.70|0|"FRESC"
7672|3|1824|37|367|203|5|16.40|0|"CARGA"
7673|4|1834|10|41|0|0|38.90|0|"FRESC"
7674|3|1872|38|350|236|2|14.00|0|"CARGA"
7676|4|1887|10|38|0|0|47.20|0|"FRESC"
7677|3|2009|31|312|249|1|13.30|22|"CARGA"
7679|3|1806|40|340|247|5|6.30|92|"CARGA"
7680|3|1855|35|312|29|7|26.20|0|"INSEM"
7681|4|1890|16|69|12|1|45.30|0|"INSEM"
7682|3|1816|15|211|20|6|51.30|0|"INSEM"
7683|3|1870|38|390|203|4|11.20|0|"CARGA"
7684|3|1861|38|360|211|7|6.20|0|"CARGA"
7685|2|1831|38|587|195|16|11.50|0|"SUCIA"
7686|3|1829|19|203|133|2|35.90|0|"CARGA"
7688|3|1896|37|296|236|1|16.60|0|"CARGA"
7689|3|1816|20|229|19|3|32.20|0|"INSEM"
7690|4|1871|11|51|0|0|59.70|0|"FRESC"
7694|3|1809|38|313|14|3|9.30|0|"INSEM"
7696|3|1796|17|353|174|2|39.90|0|"CARGA"
7697|4|1792|15|96|37|1|49.70|0|"INSEM"
7698|2|1912|38|427|223|4|12.80|0|"CARGA"
7703|2|1832|19|418|93|6|34.30|0|"CARGA"
7704|3|1866|15|197|32|4|47.90|0|"INSEM"
7706|3|1816|38|409|219|5|12.10|0|"CARGA"
7707|3|1821|11|63|27|0|58.90|0|"LIMPI"
7709|3|1852|10|33|0|0|37.50|0|"FRESC"
7711|3|1792|36|302|18|6|20.80|0|"INSEM"
7712|4|1795|10|38|0|0|56.20|0|"FRESC"
7713|3|1803|31|276|249|1|24.90|22|"CARGA"
7714|3|1778|35|289|28|5|29.90|0|"INSEM"
7721|2|1790|29|206|324|1|21.10|177|"CARGA"
7722|2|1799|35|335|209|1|29.00|0|"CARGA"
7723|3|1797|32|364|237|3|14.30|15|"CARGA"
7724|2|1799|35|384|208|4|25.60|0|"CARGA"
7726|3|1805|11|49|0|0|47.90|0|"FRESC"
7727|3|1864|17|277|139|3|42.40|0|"CARGA"
7728|3|1854|18|383|37|4|39.50|0|"INSEM"
7730|3|1791|38|321|204|3|6.80|0|"CARGA"
7732|3|1838|18|310|83|4|37.80|0|"CARGA"
7734|2|1785|32|397|243|2|37.40|15|"CARGA"
7735|3|1785|24|206|170|3|6.30|121|"CARGA"
7736|3|1776|20|307|223|2|33.60|0|"CARGA"
7739|3|1831|36|363|70|5|21.90|0|"CARGA"
7741|3|1789|17|81|24|1|43.10|0|"INSEM"
7742|3|1755|16|219|27|3|45.90|0|"INSEM"
7743|3|1796|19|263|204|1|36.00|0|"CARGA"
7744|3|1781|32|279|273|1|35.70|50|"CARGA"
7745|3|1848|36|291|190|2|21.10|0|"CARGA"
7747|3|1831|19|281|19|4|35.50|0|"INSEM"
7749|2|1807|19|308|31|12|36.00|0|"INSEM"
7751|3|1812|38|318|234|2|10.00|0|"CARGA"
7752|2|1794|9|17|0|0|26.50|0|"FRESC"
7753|3|1756|37|320|34|3|15.30|0|"INSEM"
7757|2|1804|29|626|497|6|9.20|36|"CARGA"
7758|3|1767|16|181|29|5|46.10|0|"INSEM"
7759|3|1786|18|354|167|1|37.20|0|"CARGA"
7763|3|1772|36|347|214|2|21.50|0|"CARGA"
7764|3|1757|29|324|287|2|34.40|64|"CARGA"
7766|3|1764|16|201|134|2|46.30|0|"CARGA"
7767|3|1759|18|257|143|3|37.10|0|"CARGA"
7772|3|1760|29|299|285|2|25.70|57|"CARGA"
7773|4|1756|11|47|0|0|39.00|0|"FRESC"
7776|3|1789|15|200|125|2|47.70|0|"CARGA"
7777|3|1762|36|316|256|1|22.70|0|"ABORT"
7778|2|1745|35|308|13|7|27.60|0|"SUCIA"
7781|2|1765|29|459|280|6|5.70|121|"CARGA"
7783|3|1755|32|329|270|2|24.10|43|"CARGA"
7785|4|1760|11|48|0|0|28.90|0|"FRESC"
7786|3|1749|31|283|260|1|40.80|36|"CARGA"
7787|3|1827|19|317|23|9|34.30|0|"INSEM"
7789|4|1756|10|32|0|0|37.30|0|"FRESC"
7790|3|1754|15|92|21|1|51.70|0|"INSEM"
7795|3|1770|24|222|188|1|4.10|92|"CARGA"
7798|3|1754|17|243|86|4|41.60|0|"CARGA"
7800|1|2006|13|1073|41|15|22.40|0|"INSEM"
7801|3|1760|20|415|105|12|33.10|0|"CARGA"
7803|3|1751|31|293|248|1|31.70|22|"CARGA"
7804|3|1760|20|267|207|1|34.00|0|"CARGA"
7805|3|1755|35|348|197|4|29.00|0|"CARGA"
7808|3|1750|35|307|37|6|28.90|0|"INSEM"
7811|2|1732|9|20|0|0|27.40|0|"FRESC"
7814|4|1736|9|28|0|0|30.60|0|"FRESC"
7815|3|1883|20|306|183|3|30.40|0|"CARGA"
7816|3|1759|19|145|18|4|36.50|0|"INSEM"
7817|3|1742|39|409|152|5|4.30|0|"CARGA"
7820|4|1741|15|79|24|1|47.60|0|"INSEM"
7821|3|1730|39|384|210|5|4.10|0|"CARGA"
7826|2|1790|39|271|186|2|2.70|0|"CARGA"
7827|3|1717|39|204|29|2|4.40|0|"INSEM"
7828|3|1733|36|319|146|3|25.20|0|"CARGA"
7829|4|1719|11|59|0|0|46.00|0|"ANEST"
7830|2|1720|20|392|67|3|31.80|0|"VACIA"
7831|3|1738|15|218|159|1|48.10|0|"CARGA"
7832|3|1740|15|264|20|4|49.30|0|"INSEM"
7833|4|1729|9|15|0|0|26.00|0|"FRESC"
7835|3|1743|17|228|15|6|40.90|0|"INSEM"
7837|3|1784|37|159|18|4|20.10|0|"INSEM"
7838|3|1717|19|297|171|3|34.30|0|"CARGA"
7840|3|1752|19|344|23|6|34.60|0|"INSEM"
7843|3|1742|9|29|0|0|37.40|0|"FRESC"
7845|4|1760|9|27|0|0|40.20|0|"FRESC"
7846|3|1741|36|288|180|3|21.20|0|"CARGA"
7849|3|1714|36|237|48|3|23.60|0|"INSEM"
7851|3|1850|16|266|200|1|44.10|0|"CARGA"
7852|3|1738|18|297|40|4|38.80|0|"INSEM"
7855|3|1755|20|146|18|3|30.70|0|"INSEM"
7857|3|1734|20|219|160|1|33.20|0|"CARGA"
7858|2|1733|35|702|33|23|28.80|0|"SUCIA"
7860|3|1743|17|114|10|2|40.10|0|"INSEM"
7861|3|1762|20|149|17|3|32.40|0|"INSEM"
7862|3|1738|18|130|13|3|37.00|0|"INSEM"
7864|2|1765|18|537|23|12|38.40|0|"INSEM"
7866|3|1802|18|314|125|4|39.50|0|"CARGA"
7867|3|1716|37|278|224|1|18.60|0|"CARGA"
7869|2|1768|17|469|26|14|40.70|0|"INSEM"
7870|3|1712|31|319|257|3|12.70|29|"CARGA"
7876|2|2003|35|467|139|2|30.20|0|"CARGA"
7877|3|1704|10|44|0|0|50.10|0|"FRESC"
7879|3|1708|35|266|29|3|30.20|0|"INSEM"
7880|3|1709|37|315|236|2|16.70|0|"CARGA"
7881|1|1708|24|898|243|20|6.40|121|"CARGA"
7882|3|1704|38|261|27|4|6.10|0|"INSEM"
7884|3|1726|17|225|13|4|39.70|0|"INSEM"
7885|3|1684|17|210|45|4|40.10|0|"INSEM"
7886|2|1786|35|563|74|11|25.70|0|"CARGA"
7889|2|1781|19|472|10|12|34.40|0|"INSEM"
7890|3|1715|18|193|133|1|37.40|0|"CARGA"
7891|2|1720|17|274|27|6|39.60|0|"INSEM"
7893|3|1706|31|284|258|1|17.20|36|"CARGA"
7896|2|1642|38|596|278|4|6.80|0|"VACIA"
7898|3|1683|18|300|130|3|37.40|0|"CARGA"
7900|3|1693|16|253|104|3|46.40|0|"CARGA"
7901|3|1732|37|326|230|1|17.30|0|"CARGA"
7902|3|1722|9|27|0|0|29.80|0|"FRESC"
7903|3|1706|9|20|0|0|24.00|0|"FRESC"
7904|2|1683|29|368|278|3|21.50|50|"CARGA"
7906|3|1695|15|74|0|0|60.40|0|"ANEST"
7907|2|1697|31|282|248|1|35.30|22|"CARGA"
7908|3|1676|17|196|97|4|42.10|0|"CARGA"
7909|3|1736|19|316|25|7|36.50|0|"INSEM"
7911|3|1684|18|289|83|5|39.30|0|"CARGA"
7913|3|1668|26|223|144|4|2.30|64|"CARGA"
7914|2|1668|37|341|62|4|19.30|0|"VACIA"
7915|3|1678|18|207|145|1|39.50|0|"CARGA"
7917|3|1654|31|284|264|1|21.10|29|"CARGA"
7918|1|1722|26|790|270|18|3.90|210|"CARGA"
7919|3|1660|11|48|0|0|46.20|0|"FRESC"
7921|2|1751|20|415|76|5|30.50|0|"VACIA"
7923|3|1655|9|18|0|0|29.10|0|"FRESC"
7924|3|1664|19|238|173|1|34.80|0|"CARGA"
7925|3|1664|18|231|167|1|39.10|0|"CARGA"
7926|3|1660|10|45|0|0|49.50|0|"FRESC"
7927|3|1707|16|195|74|2|45.40|0|"CARGA"
7929|3|1677|20|239|18|5|30.50|0|"INSEM"
7932|2|1681|32|425|243|3|23.70|15|"CARGA"
7933|2|1716|19|385|161|4|35.10|0|"CARGA"
7934|3|1719|16|234|116|2|44.00|0|"CARGA"
7935|3|1680|17|210|41|5|41.50|0|"INSEM"
7936|3|1659|35|279|49|6|28.50|0|"INSEM"
7937|3|1640|16|88|28|1|44.00|0|"INSEM"
7939|2|1684|18|407|87|8|37.80|0|"CARGA"
7940|3|1679|38|272|209|1|13.60|0|"CARGA"
7941|3|1654|9|28|0|0|32.70|0|"FRESC"
7946|2|1626|38|506|19|14|9.70|0|"INSEM"
7948|2|1623|38|499|192|9|8.80|0|"CARGA"
7950|2|1638|37|579|161|12|18.60|0|"CARGA"
7952|3|1651|9|22|0|0|24.00|0|"FRESC"
7953|2|1649|15|235|28|3|48.80|0|"INSEM"
7954|3|1652|36|271|207|1|24.20|0|"CARGA"
7955|3|1667|17|219|174|1|41.20|0|"CARGA"
7956|2|1644|38|572|181|9|12.30|0|"CARGA"
7957|3|1699|15|158|74|2|52.50|0|"CARGA"
7959|3|1625|38|300|216|1|11.10|0|"CARGA"
7960|3|1627|19|219|160|1|34.30|0|"CARGA"
7961|2|1658|26|433|257|12|16.70|177|"CARGA"
7963|3|1486|38|283|198|2|10.40|0|"CARGA"
7964|2|1640|24|479|196|11|8.80|92|"CARGA"
7965|3|1627|37|275|228|1|15.30|0|"CARGA"
7966|3|1614|20|242|40|4|32.80|0|"INSEM"
7968|2|1624|38|599|27|13|7.40|0|"LIMPI"
7971|3|1616|37|254|202|1|18.40|0|"CARGA"
7972|3|1664|10|41|0|0|41.40|0|"FRESC"
7975|3|1660|11|58|0|0|48.10|0|"ANEST"
7976|2|1682|20|310|155|6|30.40|0|"CARGA"
7979|2|1647|24|425|192|10|7.40|121|"CARGA"
7980|2|1637|20|581|17|10|30.20|0|"INSEM"
7982|3|1596|16|160|55|3|44.10|0|"VACIA"
7983|3|1626|9|21|0|0|24.20|0|"FRESC"
7984|3|1604|19|272|212|1|34.20|0|"CARGA"
7987|3|1596|15|166|83|2|55.70|0|"CARGA"
7988|3|1663|15|167|26|4|69.80|0|"INSEM"
7989|2|1642|31|307|259|2|39.80|29|"CARGA"
7992|2|1710|38|600|235|11|11.60|0|"CARGA"
7993|3|1598|36|238|16|7|24.50|0|"INSEM"
7995|2|1741|37|405|13|4|19.30|0|"INSEM"
7996|3|1665|10|40|0|0|36.00|0|"FRESC"
7997|3|1695|17|238|110|2|42.50|0|"CARGA"
8002|3|1919|10|32|0|0|14.80|0|"FRESC"
8005|3|1470|20|199|118|1|30.80|0|"CARGA"
8006|3|1611|37|217|152|1|15.70|0|"CARGA"
8007|3|1617|17|213|26|4|41.70|0|"INSEM"
8008|2|1730|26|472|268|5|7.40|64|"CARGA"
8011|2|1639|31|508|252|6|25.00|29|"CARGA"
8013|3|2019|17|150|34|1|41.50|0|"INSEM"
8015|2|1661|16|334|163|3|44.10|0|"CARGA"
8017|3|1618|15|122|55|1|50.10|0|"CARGA"
8018|2|1460|38|538|28|17|12.70|0|"INSEM"
8020|2|1613|16|297|167|4|44.20|0|"CARGA"
8022|2|1564|26|360|241|7|7.80|183|"CARGA"
8023|2|1589|29|363|284|5|4.00|92|"CARGA"
8025|3|1604|11|67|0|0|50.50|0|"ANEST"
8026|3|1553|11|51|0|0|34.60|0|"FRESC"
8027|3|1605|16|116|14|3|43.60|0|"INSEM"
8028|2|1796|26|376|200|8|8.00|148|"CARGA"
8030|3|1549|19|95|49|1|35.20|0|"INSEM"
8031|3|1552|15|161|44|4|48.20|0|"INSEM"
8032|2|1583|37|294|212|2|18.70|0|"CARGA"
8033|3|1611|20|163|34|3|30.90|0|"INSEM"
8034|3|1553|9|26|0|0|32.90|0|"FRESC"
8035|3|1590|18|111|26|1|39.50|0|"INSEM"
8036|2|1557|32|418|242|6|16.10|15|"CARGA"
8037|3|1570|15|156|99|1|49.60|0|"CARGA"
8038|3|1589|15|173|127|1|52.30|0|"CARGA"
8039|3|1607|37|177|120|1|19.40|0|"CARGA"
8040|2|1564|39|413|223|7|4.70|0|"CARGA"
8042|3|1553|36|130|43|2|21.80|0|"INSEM"
8043|2|1551|29|327|281|3|14.30|57|"CARGA"
8044|2|1557|24|411|251|5|6.60|92|"CARGA"
8045|3|1547|9|14|0|0|35.00|0|"FRESC"
8046|2|1576|19|478|90|5|36.80|0|"CARGA"
8047|2|1619|38|457|216|6|10.60|0|"CARGA"
8049|3|1577|16|171|112|1|45.70|0|"CARGA"
8050|2|1840|15|203|33|5|49.90|0|"INSEM"
8051|2|1571|16|74|29|0|43.70|0|"LIMPI"
8053|2|1591|29|455|278|3|2.40|64|"CARGA"
8054|3|1555|10|45|0|0|43.20|0|"FRESC"
8055|2|1711|10|40|0|0|33.20|0|"FRESC"
8057|3|1576|9|31|0|0|45.80|0|"FRESC"
8059|3|1542|10|42|0|0|51.30|0|"FRESC"
8060|1|1590|14|851|245|13|14.90|0|"VACIA"
8061|3|1502|10|40|0|0|37.60|0|"FRESC"
8062|2|1416|38|460|211|10|7.90|0|"CARGA"
8063|3|1531|19|157|54|3|36.50|0|"CARGA"
8064|3|1472|35|158|69|1|26.30|0|"LIMPI"
8066|3|1511|19|109|56|1|35.40|0|"CARGA"
8069|2|1464|24|464|255|6|7.10|36|"CARGA"
8070|3|1590|11|56|0|0|47.50|0|"ANEST"
8071|2|1518|31|324|250|3|17.50|22|"CARGA"
8074|3|1555|10|33|0|0|36.70|0|"FRESC"
8077|3|1544|11|47|0|0|46.60|0|"FRESC"
8078|3|1560|16|154|90|1|45.40|0|"CARGA"
8079|3|1540|15|71|21|1|48.10|0|"INSEM"
8080|3|1689|11|65|27|0|54.20|0|"LIMPI"
8082|2|1505|36|324|184|3|23.80|0|"CARGA"
8083|1|1521|26|755|231|9|7.20|64|"CARGA"
8085|3|1516|10|42|0|0|31.70|0|"FRESC"
8086|2|1530|35|283|202|2|27.50|0|"CARGA"
8089|3|1604|10|34|0|0|47.50|0|"FRESC"
8090|2|1604|37|359|200|2|15.60|0|"CARGA"
8091|3|1534|11|56|0|0|55.10|0|"ANEST"
8092|2|1550|18|194|38|5|37.70|0|"INSEM"
8093|3|1547|10|33|10|0|45.40|0|"LIMPI"
8094|2|1494|19|264|156|1|34.60|0|"CARGA"
8095|2|1506|29|409|276|4|21.90|50|"CARGA"
8096|2|1541|20|330|16|15|32.90|0|"INSEM"
8098|2|1562|37|281|154|2|19.80|0|"CARGA"
8099|3|1543|9|27|0|0|26.30|0|"FRESC"
8100|2|1507|32|376|271|4|23.60|43|"CARGA"
8101|1|1501|14|807|159|12|17.90|0|"CARGA"
8102|3|1529|11|66|0|0|36.20|0|"ANEST"
8103|3|1466|11|50|0|0|52.00|0|"FRESC"
8104|1|1524|14|806|63|25|16.10|0|"SUCIA"
8105|2|1499|18|320|83|2|38.20|0|"VACIA"
8106|2|1544|19|315|163|3|36.30|0|"CARGA"
8107|2|1512|15|97|19|2|50.70|0|"INSEM"
8108|3|1538|11|62|10|1|46.70|0|"INSEM"
8110|3|1467|10|37|0|0|39.40|0|"FRESC"
8113|2|1515|38|373|218|5|13.70|0|"CARGA"
8114|3|1470|40|11|0|0|0.00|0|"FRESC"
8115|2|1535|36|351|225|4|22.50|0|"CARGA"
8117|2|1485|26|264|249|4|5.80|148|"CARGA"
8118|2|1470|36|311|93|7|20.40|0|"CARGA"
8121|2|1464|36|335|214|3|22.80|0|"CARGA"
8122|3|1468|11|59|0|0|54.50|0|"ANEST"
8125|3|1538|16|76|22|1|44.00|0|"INSEM"
8126|2|1505|17|377|24|13|40.70|0|"INSEM"
8128|3|1497|11|61|0|0|52.80|0|"ANEST"
8129|2|1465|32|309|272|1|28.80|50|"CARGA"
8131|3|1462|10|39|23|0|44.60|0|"LIMPI"
8132|2|1456|19|413|18|9|34.70|0|"LIMPI"
8133|2|1441|24|376|219|6|6.80|36|"CARGA"
8134|3|1507|10|35|0|0|42.00|0|"FRESC"
8136|1|1462|26|723|225|12|3.60|64|"CARGA"
8138|2|1483|20|246|36|6|32.10|0|"INSEM"
8139|2|1471|38|401|203|4|13.00|0|"CARGA"
8141|3|1468|9|29|0|0|39.60|0|"FRESC"
8142|2|1497|17|83|0|0|41.10|0|"ANEST"
8143|2|1546|38|366|264|1|10.30|0|"VACIA"
8146|2|1472|26|213|271|3|5.70|183|"CARGA"
8147|3|1453|11|55|0|0|30.40|0|"ANEST"
8148|2|1462|19|154|24|3|35.60|0|"SUCIA"
8150|2|1479|35|266|211|1|29.70|0|"CARGA"
8151|2|1590|39|451|61|18|4.00|0|"CARGA"
8152|2|1531|16|109|48|1|46.20|0|"INSEM"
8154|2|1479|37|280|216|1|17.80|0|"CARGA"
8158|2|1456|15|178|13|3|51.60|0|"INSEM"
8159|2|1542|20|251|18|5|31.90|0|"INSEM"
8160|3|1444|11|63|0|0|44.50|0|"ANEST"
8161|3|1488|9|29|0|0|37.80|0|"FRESC"
8162|1|1470|14|774|62|15|17.80|0|"VACIA"
8165|2|1519|20|338|189|4|31.60|0|"CARGA"
8169|2|1455|37|385|233|3|18.00|0|"CARGA"
8170|2|1458|36|342|209|3|21.20|0|"CARGA"
8171|2|1457|35|365|16|12|30.00|0|"INSEM"
8173|2|1476|35|374|103|8|28.10|0|"CARGA"
8174|2|1458|31|352|250|3|10.70|22|"CARGA"
8177|1|1465|24|726|248|16|6.40|36|"CARGA"
8178|2|1454|18|299|194|1|39.40|0|"CARGA"
8179|2|1444|32|366|271|3|19.00|43|"CARGA"
8180|2|1469|20|424|371|1|31.90|0|"VACIA"
8184|2|1505|31|285|251|1|30.50|29|"CARGA"
8187|1|1711|13|757|33|17|24.20|0|"SUCIA"
8189|2|1687|17|361|62|4|42.00|0|"CARGA"
8191|2|1488|38|399|226|3|7.20|0|"ABORT"
8192|2|1505|37|401|228|3|15.50|0|"CARGA"
8193|3|1455|16|102|53|1|43.50|0|"INSEM"
8195|2|1496|31|359|264|4|5.80|36|"CARGA"
8196|2|1453|20|261|10|6|33.80|0|"INSEM"
8198|2|1425|35|257|24|4|26.20|0|"INSEM"
8199|3|1467|9|18|0|0|31.60|0|"FRESC"
8200|2|1425|37|330|151|4|18.30|0|"CARGA"
8201|2|1426|36|346|223|4|22.80|0|"CARGA"
8202|2|1491|17|159|18|3|43.10|0|"INSEM"
8203|2|1413|16|201|35|4|43.80|0|"INSEM"
8204|2|1420|20|262|34|4|34.00|0|"INSEM"
8205|2|1432|17|230|173|1|41.20|0|"CARGA"
8206|2|1470|24|372|216|7|8.50|36|"CARGA"
8207|3|1431|10|45|0|0|47.80|0|"FRESC"
8209|2|1428|29|341|288|2|33.50|64|"CARGA"
8210|2|1546|29|354|279|3|21.50|57|"CARGA"
8212|2|1485|16|391|22|5|43.60|0|"INSEM"
8213|2|1446|40|10|0|0|0.00|0|"FRESC"
8214|2|1429|36|274|178|2|23.40|0|"CARGA"
8215|2|1462|36|319|235|2|22.90|0|"CARGA"
8216|2|1417|17|293|156|4|43.20|0|"CARGA"
8217|2|1467|36|411|118|3|22.50|0|"CARGA"
8218|3|1466|11|48|0|0|38.90|0|"FRESC"
8220|3|1535|11|53|0|0|35.90|0|"FRESC"
8221|3|1464|10|45|0|0|59.10|0|"FRESC"
8222|1|1414|14|738|194|8|16.00|0|"CARGA"
8223|3|1409|11|62|0|0|36.90|0|"ANEST"
8225|3|1410|10|39|0|0|49.70|0|"FRESC"
8226|2|1406|32|334|269|3|27.40|43|"CARGA"
8227|2|1450|37|313|185|4|15.70|0|"CARGA"
8228|2|1496|19|280|219|1|34.90|0|"CARGA"
8229|2|1411|38|312|182|4|9.40|0|"CARGA"
8231|3|1491|9|29|0|0|38.40|0|"FRESC"
8232|2|1427|35|296|18|16|27.50|0|"INSEM"
8233|2|1522|36|289|146|3|23.80|0|"CARGA"
8234|3|1458|10|32|10|0|39.60|0|"LIMPI"
8235|2|1436|38|277|202|1|13.40|0|"CARGA"
8236|2|1430|18|254|18|6|37.60|0|"SUCIA"
8237|2|1510|37|337|90|7|19.50|0|"CARGA"
8240|2|1612|20|362|20|6|33.00|0|"SUCIA"
8241|2|1426|31|292|264|1|30.40|36|"CARGA"
8242|2|1418|36|340|51|3|20.90|0|"INSEM"
8243|2|1472|36|266|213|1|24.50|0|"CARGA"
8244|2|1416|16|325|133|9|43.30|0|"CARGA"
8248|2|1433|15|351|40|8|46.70|0|"INSEM"
8249|3|1403|40|11|0|0|0.00|0|"FRESC"
8251|2|1422|16|119|43|2|44.20|0|"INSEM"
8252|2|1390|36|349|159|3|20.70|0|"ABORT"
8253|2|1394|32|335|237|3|13.20|15|"CARGA"
8255|2|1422|31|353|257|3|10.40|29|"CARGA"
8256|3|1414|9|19|0|0|0.00|0|"FRESC"
8258|2|1407|15|261|18|6|48.50|0|"INSEM"
8260|3|1385|40|11|0|0|0.00|0|"FRESC"
8261|2|1422|37|359|204|3|18.10|0|"CARGA"
8262|1|1367|14|701|218|12|7.80|0|"CARGA"
8264|2|1398|10|45|0|0|37.40|0|"FRESC"
8265|2|1393|38|361|161|5|11.80|0|"CARGA"
8266|2|1353|35|345|229|2|27.70|0|"CARGA"
8267|1|1404|4|699|101|8|34.00|0|"CARGA"
8270|2|1348|37|274|216|1|16.20|0|"CARGA"
8271|2|1381|18|287|152|3|38.50|0|"CARGA"
8272|1|1377|24|604|272|5|2.20|92|"CARGA"
8273|2|1377|35|351|215|3|25.90|0|"CARGA"
8278|2|1385|20|324|202|2|31.50|0|"CARGA"
8279|2|1379|19|330|25|7|35.60|0|"INSEM"
8280|2|1408|31|321|256|2|19.50|29|"CARGA"
8281|1|1392|14|694|39|22|18.60|0|"INSEM"
8283|2|1358|35|290|214|2|26.00|0|"CARGA"
8284|2|1432|32|303|241|1|19.80|15|"CARGA"
8285|2|1352|35|273|198|1|28.70|0|"CARGA"
8286|2|1353|20|177|29|3|32.90|0|"INSEM"
8287|2|1511|15|182|84|2|49.00|0|"CARGA"
8288|2|1502|37|350|188|2|18.70|0|"CARGA"
8289|2|1377|17|232|92|5|40.40|0|"CARGA"
8290|2|1353|16|122|18|3|43.80|0|"INSEM"
8291|2|1464|35|287|0|0|29.30|0|"ANEST"
8292|3|1370|9|31|0|0|37.80|0|"FRESC"
8294|2|1370|17|349|39|2|39.70|0|"INSEM"
8295|2|1363|17|304|28|6|42.10|0|"INSEM"
8297|2|1356|18|290|132|5|39.30|0|"CARGA"
8298|3|1414|9|19|0|0|27.00|0|"FRESC"
8299|2|1345|37|310|164|2|17.70|0|"CARGA"
8300|2|1370|24|320|242|3|8.70|36|"CARGA"
8301|2|1366|18|152|78|2|37.90|0|"CARGA"
8303|2|1409|19|203|32|5|36.00|0|"INSEM"
8307|2|1364|38|338|222|4|8.70|0|"CARGA"
8308|2|1492|18|136|48|2|38.80|0|"INSEM"
8309|2|1365|36|282|202|1|22.10|0|"CARGA"
8311|2|1481|31|294|244|1|18.70|22|"CARGA"
8312|2|1347|35|306|185|5|29.60|0|"CARGA"
8313|2|1376|39|318|231|2|4.90|0|"CARGA"
8314|1|1399|26|615|236|5|5.80|64|"CARGA"
8315|2|1452|18|318|16|7|39.10|0|"INSEM"
8316|2|1455|32|295|270|1|31.30|43|"CARGA"
8317|2|1401|18|335|188|3|39.40|0|"CARGA"
8318|2|1349|15|214|14|3|47.90|0|"INSEM"
8320|2|1325|11|59|10|0|35.30|0|"LIMPI"
8321|1|1358|14|676|65|10|9.10|0|"CARGA"
8324|1|1337|5|675|27|12|30.10|0|"INSEM"
8325|2|1338|18|207|28|4|39.40|0|"INSEM"
8326|2|1366|38|332|200|3|12.90|0|"CARGA"
8327|2|1338|35|298|29|5|26.30|0|"INSEM"
8329|2|1351|17|193|75|3|41.80|0|"CARGA"
8330|1|1372|24|635|241|10|3.70|36|"CARGA"
8332|1|1342|14|671|215|9|7.70|0|"CARGA"
8333|2|1337|36|280|181|1|22.20|0|"CARGA"
8334|1|1332|26|488|275|4|6.50|183|"CARGA"
8335|1|1389|32|621|274|8|18.60|50|"CARGA"
8336|2|1352|39|317|119|5|3.70|0|"CARGA"
8337|2|1375|15|110|54|1|47.60|0|"CARGA"
8338|2|1333|20|329|222|3|32.20|0|"CARGA"
8339|2|1406|37|320|162|2|17.00|0|"CARGA"
8340|2|1366|18|308|21|7|39.40|0|"SUCIA"
8341|1|1388|29|597|293|6|11.30|71|"CARGA"
8342|1|1362|29|611|283|10|15.10|57|"CARGA"
8343|2|1354|16|106|26|2|45.00|0|"INSEM"
8344|2|1331|36|307|213|2|22.10|0|"CARGA"
8345|2|1497|31|301|262|1|34.00|36|"CARGA"
8346|2|1378|17|258|28|3|42.40|0|"INSEM"
8347|2|1319|20|249|20|4|30.30|0|"INSEM"
8348|2|1344|15|85|32|1|54.30|0|"INSEM"
8349|2|1317|20|217|124|2|31.20|0|"CARGA"
8353|2|1327|17|215|29|6|39.80|0|"INSEM"
8354|2|1346|20|305|27|7|31.70|0|"SUCIA"
8355|1|1346|5|663|112|8|32.10|0|"CARGA"
8356|2|1323|19|271|73|4|34.30|0|"CARGA"
8357|2|1353|35|285|161|3|29.40|0|"CARGA"
8358|2|1398|20|300|176|2|33.40|0|"CARGA"
8359|1|1355|26|598|180|6|8.30|64|"CARGA"
8360|2|1345|36|299|197|1|22.50|0|"ABORT"
8363|2|1428|20|251|38|5|32.20|0|"INSEM"
8365|2|1319|19|218|14|4|36.40|0|"INSEM"
8366|2|1325|15|193|13|5|49.90|0|"INSEM"
8368|2|1402|18|247|144|3|39.50|0|"CARGA"
8369|2|1356|17|221|164|1|41.00|0|"CARGA"
8370|1|1340|31|617|260|10|7.90|36|"CARGA"
8371|2|1448|19|269|59|3|36.00|0|"CARGA"
8372|2|1357|20|208|15|7|32.90|0|"INSEM"
8373|2|1355|11|68|0|0|43.70|0|"ANEST"
8374|2|1334|18|204|148|1|39.10|0|"CARGA"
8375|2|1327|17|270|104|4|40.40|0|"CARGA"
8376|2|1361|20|322|28|9|34.10|0|"INSEM"
8377|2|1318|16|201|100|3|45.40|0|"CARGA"
8378|2|1336|9|16|0|0|28.20|0|"FRESC"
8379|2|1301|37|285|236|1|18.10|0|"CARGA"
8380|2|1333|17|114|22|2|40.70|0|"INSEM"
8381|2|1330|35|222|48|5|26.40|0|"INSEM"
8382|2|1369|36|303|12|7|23.30|0|"INSEM"
8384|2|1510|35|198|92|3|29.00|0|"CARGA"
8390|2|1411|36|262|202|1|21.70|0|"CARGA"
8391|2|1357|19|276|16|9|34.50|0|"INSEM"
8392|2|1369|37|300|31|12|15.40|0|"INSEM"
8396|1|1371|24|554|200|8|2.30|92|"CARGA"
8398|1|1424|32|602|266|8|16.40|43|"CARGA"
8399|1|1305|14|644|174|8|19.30|0|"CARGA"
8400|2|1334|16|178|19|4|45.50|0|"INSEM"
8401|1|1296|26|493|187|12|8.70|148|"CARGA"
8402|2|1346|16|200|12|3|44.80|0|"SUCIA"
8403|2|1338|36|311|231|2|23.50|0|"CARGA"
8404|2|1401|32|309|242|2|18.70|15|"CARGA"
8405|2|1314|15|228|23|2|48.20|0|"INSEM"
8406|2|1356|37|250|152|3|18.80|0|"CARGA"
8407|2|1329|10|37|0|0|32.00|0|"FRESC"
8408|1|1315|29|566|298|6|18.20|71|"CARGA"
8409|2|1385|17|294|26|7|43.10|0|"INSEM"
8410|2|1308|36|281|170|4|23.10|0|"CARGA"
8411|2|1289|17|242|41|5|42.90|0|"INSEM"
8412|2|1346|10|45|0|0|35.40|0|"FRESC"
8414|2|1315|36|244|177|1|24.80|0|"CARGA"
8415|2|1314|18|218|173|1|38.70|0|"CARGA"
8417|2|1349|16|92|31|1|45.90|0|"INSEM"
8418|1|1303|14|626|223|7|11.30|0|"CARGA"
8420|1|1312|29|568|283|9|17.30|57|"CARGA"
8421|2|1323|15|87|22|1|46.70|0|"INSEM"
8422|2|1346|19|279|153|3|36.60|0|"CARGA"
8423|2|1349|26|217|169|3|7.60|64|"CARGA"
8425|2|1312|35|284|171|3|28.00|0|"CARGA"
8427|2|1338|16|281|151|3|46.20|0|"CARGA"
8428|2|1296|18|294|41|4|38.10|0|"INSEM"
8429|2|1431|18|204|32|3|38.20|0|"INSEM"
8430|1|1260|5|611|27|7|32.10|0|"INSEM"
8432|2|1288|18|194|18|6|37.70|0|"INSEM"
8433|1|1262|13|609|11|11|26.00|0|"INSEM"
8434|2|1294|35|250|31|5|28.50|0|"INSEM"
8436|2|1264|37|274|46|6|20.00|0|"INSEM"
8437|2|1416|18|223|164|1|39.00|0|"CARGA"
8438|2|1328|17|226|38|4|40.70|0|"INSEM"
8439|2|1253|20|236|12|3|33.40|0|"INSEM"
8441|2|1287|35|274|218|2|30.00|0|"ABORT"
8442|2|1274|17|270|192|1|40.20|0|"CARGA"
8443|2|1258|18|240|175|1|38.30|0|"CARGA"
8445|2|1243|20|267|187|2|31.10|0|"CARGA"
8446|1|1361|29|541|282|4|9.30|57|"CARGA"
8447|2|1274|36|228|25|5|22.80|0|"INSEM"
8448|2|1344|11|53|12|1|44.00|0|"INSEM"
8449|2|1264|16|192|28|3|43.50|0|"INSEM"
8450|2|1355|20|176|13|4|32.70|0|"INSEM"
8451|1|1237|4|597|16|6|34.30|0|"INSEM"
8453|2|1264|15|246|61|3|47.70|0|"CARGA"
8455|1|1277|14|593|90|7|16.50|0|"VACIA"
8458|2|1355|9|13|0|0|8.80|0|"FRESC"
8459|2|1241|18|267|164|2|38.40|0|"CARGA"
8460|2|1236|20|166|69|1|33.10|0|"CARGA"
8461|2|1262|15|217|26|3|52.10|0|"INSEM"
8463|2|1243|19|227|156|1|34.50|0|"CARGA"
8465|2|1231|17|232|174|1|41.50|0|"CARGA"
8467|1|1229|3|583|32|11|38.80|0|"INSEM"
8468|2|1241|18|212|162|1|38.00|0|"CARGA"
8469|2|1261|17|168|69|1|40.30|0|"VACIA"
8470|2|1248|19|237|17|5|34.30|0|"INSEM"
8471|1|1240|4|579|132|9|33.80|0|"CARGA"
8472|2|1360|19|214|163|1|35.40|0|"CARGA"
8473|2|1228|19|229|27|5|34.90|0|"INSEM"
8475|2|1238|15|231|12|4|48.10|0|"INSEM"
8476|2|1380|37|197|38|3|17.00|0|"INSEM"
8477|2|1215|18|160|71|1|38.30|0|"VACIA"
8479|2|1267|35|166|104|1|28.70|0|"CARGA"
8480|2|1245|19|226|150|1|36.80|0|"CARGA"
8481|1|1263|5|563|79|9|31.10|0|"CARGA"
8482|2|1227|35|145|23|2|29.70|0|"INSEM"
8484|1|1238|14|557|184|10|12.10|0|"CARGA"
8485|2|1213|16|220|139|2|43.30|0|"CARGA"
8486|2|1205|11|67|0|0|46.70|0|"ANEST"
8487|2|1280|15|86|14|2|55.10|0|"INSEM"
8488|2|1205|17|171|70|2|41.30|0|"CARGA"
8489|2|1225|35|163|111|1|29.10|0|"CARGA"
8490|1|1197|13|546|19|15|24.54|0|"INSEM"
8492|1|1220|14|545|180|5|8.10|0|"CARGA"
8493|2|1202|11|63|0|0|32.50|0|"ANEST"
8494|2|1346|16|178|17|3|43.90|0|"INSEM"
8495|2|1270|18|165|69|1|39.40|0|"CARGA"
8496|2|1216|16|188|136|1|44.40|0|"CARGA"
8497|2|1189|9|23|0|0|39.80|0|"FRESC"
8498|2|1236|38|210|12|5|8.20|0|"INSEM"
8499|2|1215|37|185|66|3|19.60|0|"CARGA"
8500|2|1363|9|15|0|0|25.40|0|"FRESC"
8501|2|1277|19|181|27|3|36.70|0|"INSEM"
8502|1|1213|32|523|242|6|19.80|15|"CARGA"
8503|1|1206|24|502|227|10|5.70|36|"CARGA"
8504|2|1214|35|207|147|1|25.80|0|"CARGA"
8505|2|1201|16|155|101|1|43.30|0|"CARGA"
8506|2|1248|19|129|34|1|34.60|0|"INSEM"
8507|1|1234|14|537|41|15|22.20|0|"INSEM"
8508|1|1205|14|535|206|2|15.80|0|"CARGA"
8510|2|1286|11|65|0|0|41.50|0|"ANEST"
8511|1|1236|13|532|55|8|28.00|0|"VACIA"
8512|2|1344|11|53|0|0|48.60|0|"FRESC"
8513|2|1197|11|68|0|0|36.40|0|"ANEST"
8515|2|1169|17|162|25|3|42.50|0|"INSEM"
8516|2|1215|15|138|41|1|58.40|0|"INSEM"
8519|2|1247|16|180|111|1|43.80|0|"CARGA"
8520|1|1208|14|517|214|11|18.50|0|"CARGA"
8521|2|1185|16|79|15|1|43.40|0|"INSEM"
8522|2|1176|16|75|27|1|44.10|0|"INSEM"
8523|2|1223|20|147|34|1|33.50|0|"INSEM"
8524|2|1212|17|171|86|2|41.20|0|"CARGA"
8525|2|1189|16|94|27|2|44.70|0|"INSEM"
8531|2|1200|15|156|55|1|50.00|0|"VACIA"
8532|2|1172|17|169|104|1|40.50|0|"CARGA"
8533|1|1359|13|505|12|17|22.30|0|"LIMPI"
8534|2|1172|15|171|109|2|53.40|0|"CARGA"
8535|2|1173|36|186|31|4|22.00|0|"INSEM"
8536|1|1184|14|500|169|8|14.20|0|"CARGA"
8537|2|1170|20|134|69|1|30.60|0|"CARGA"
8538|1|1196|14|498|68|7|20.20|0|"CARGA"
8539|2|1176|17|110|15|2|40.60|0|"INSEM"
8541|1|1293|14|490|67|14|19.70|0|"VACIA"
8542|1|1217|14|490|224|5|13.80|0|"CARGA"
8543|2|1184|17|118|16|2|40.00|0|"INSEM"
8544|1|1174|13|487|65|9|24.70|0|"CARGA"
8545|2|1224|16|149|89|1|43.80|0|"CARGA"
8547|1|1197|14|484|191|4|17.80|0|"CARGA"
8548|1|1331|14|482|130|12|7.60|0|"CARGA"
8549|1|1157|3|481|20|7|47.30|0|"INSEM"
8550|2|1135|16|101|45|1|44.70|0|"INSEM"
8551|1|1173|13|478|193|10|24.20|0|"ABORT"
8553|2|1188|15|116|48|1|47.30|0|"INSEM"
8554|2|1160|38|129|69|1|9.20|0|"CARGA"
8555|1|1160|3|473|19|8|46.30|0|"INSEM"
8556|2|1152|16|127|14|2|43.80|0|"INSEM"
8557|2|1156|19|103|23|2|35.20|0|"INSEM"
8558|2|1160|16|91|26|1|45.00|0|"INSEM"
8559|1|1154|5|467|216|6|30.40|0|"CARGA"
8560|2|1112|10|39|23|0|33.30|0|"LIMPI"
8561|2|1141|35|134|76|1|26.60|0|"CARGA"
8562|2|1150|9|23|0|0|25.90|0|"FRESC"
8564|1|1113|4|459|228|7|35.30|0|"CARGA"
8565|2|1107|16|95|52|0|43.90|0|"LIMPI"
8566|1|1170|4|456|164|2|34.90|0|"CARGA"
8567|1|1144|13|456|231|6|22.60|0|"CARGA"
8569|2|1137|17|105|10|2|40.10|0|"INSEM"
8570|2|1126|20|75|35|0|31.60|0|"LIMPI"
8571|2|1147|10|36|0|0|23.70|0|"FRESC"
8572|2|1117|18|87|0|0|37.60|0|"ANEST"
8573|1|1117|13|454|32|12|25.30|0|"INSEM"
8574|2|1160|16|75|29|1|44.30|0|"INSEM"
8575|1|1135|13|453|167|5|22.70|0|"CARGA"
8576|2|1136|20|70|0|0|31.40|0|"ANEST"
8577|1|1201|29|402|276|2|25.30|50|"CARGA"
8578|2|1130|18|104|45|1|39.00|0|"INSEM"
8580|1|1116|29|397|277|3|20.80|50|"CARGA"
8581|1|1146|3|447|36|4|41.00|0|"INSEM"
8582|2|1135|11|53|0|0|35.20|0|"FRESC"
8583|1|1120|32|395|272|5|25.50|50|"CARGA"
8584|2|1155|17|108|28|2|40.20|0|"INSEM"
8585|2|1135|16|114|53|1|44.50|0|"INSEM"
8586|2|1127|15|92|22|1|56.50|0|"INSEM"
8587|2|1149|11|65|40|0|40.70|0|"LIMPI"
8588|2|1128|36|103|13|2|24.00|0|"INSEM"
8589|1|1126|5|441|77|3|30.50|0|"CARGA"
8590|2|1166|15|70|12|1|55.60|0|"INSEM"
8591|1|1169|3|439|58|8|42.30|0|"CARGA"
8592|2|1146|18|93|19|1|37.60|0|"INSEM"
8593|2|1176|10|43|0|0|46.60|0|"FRESC"
8594|1|1120|31|414|244|3|30.20|22|"CARGA"
8595|2|1109|11|61|0|0|44.70|0|"ANEST"
8596|1|1170|3|435|72|6|37.90|0|"CARGA"
8597|1|1134|14|435|223|2|21.70|0|"CARGA"
8599|2|1132|9|26|0|0|46.00|0|"FRESC"
8600|2|1138|10|42|0|0|27.60|0|"FRESC"
8601|2|1103|11|59|12|1|45.00|0|"INSEM"
8602|2|1138|20|100|37|1|32.40|0|"INSEM"
8604|2|1122|19|85|27|1|34.50|0|"INSEM"
8605|1|1105|13|432|110|10|26.40|0|"CARGA"
8606|1|1098|13|431|35|5|27.70|0|"INSEM"
8607|2|1157|11|54|27|0|36.50|0|"LIMPI"
8608|1|1087|14|430|166|10|9.60|0|"CARGA"
8609|1|1117|5|429|26|4|31.70|0|"INSEM"
8610|2|1162|15|81|22|1|48.70|0|"INSEM"
8612|1|1114|31|390|263|5|27.00|36|"CARGA"
8613|2|1100|16|90|15|2|44.20|0|"INSEM"
8615|2|1104|11|66|18|1|42.60|0|"INSEM"
8616|2|1110|9|16|0|0|25.40|0|"FRESC"
8617|2|1105|19|86|49|0|35.60|0|"LIMPI"
8618|2|1122|10|36|0|0|42.20|0|"FRESC"
8619|1|1132|3|421|76|2|52.20|0|"CARGA"
8620|1|1125|14|421|225|1|21.10|0|"CARGA"
8621|1|1104|14|421|185|5|21.20|0|"CARGA"
8622|2|1157|9|17|0|0|25.70|0|"FRESC"
8623|2|1090|10|40|0|0|38.00|0|"FRESC"
8624|2|1159|20|87|15|1|31.20|0|"INSEM"
8627|2|1085|9|26|0|0|40.80|0|"FRESC"
8628|2|1084|15|76|13|1|48.00|0|"INSEM"
8629|2|1087|11|62|0|0|33.70|0|"ANEST"
8630|1|1103|32|374|266|2|28.30|43|"CARGA"
8632|1|1079|13|416|219|3|24.30|0|"CARGA"
8634|2|1102|17|81|26|1|40.10|0|"INSEM"
8635|2|1097|9|29|0|0|35.80|0|"FRESC"
8636|2|1076|9|15|0|0|12.20|0|"FRESC"
8638|1|1102|3|414|12|11|40.40|0|"INSEM"
8639|2|1130|10|32|0|0|20.60|0|"FRESC"
8640|1|1236|13|414|221|3|22.30|0|"CARGA"
8641|1|1082|13|414|201|2|25.20|0|"CARGA"
8643|2|1131|10|39|0|0|34.40|0|"FRESC"
8644|2|1077|11|57|46|0|39.10|0|"LIMPI"
8647|1|1090|14|411|23|3|12.40|0|"INSEM"
8648|1|1153|31|381|252|4|30.40|29|"CARGA"
8649|2|1101|15|71|15|1|46.70|0|"INSEM"
8650|1|1081|13|409|145|7|27.20|0|"CARGA"
8651|2|1063|18|81|13|1|38.80|0|"INSEM"
8652|1|1131|3|408|20|4|44.50|0|"SUCIA"
8653|1|1104|5|408|21|3|31.40|0|"SUCIA"
8654|2|1086|11|67|22|0|43.00|0|"LIMPI"
8655|2|1084|9|17|0|0|28.70|0|"FRESC"
8656|1|1156|13|407|195|7|23.70|0|"CARGA"
8657|2|1222|17|68|0|0|42.50|0|"ANEST"
8658|1|1172|31|384|245|2|25.40|22|"CARGA"
8660|2|1102|10|43|0|0|41.30|0|"FRESC"
8661|2|1116|11|67|0|0|48.60|0|"ANEST"
8662|2|1078|11|49|0|0|37.20|0|"FRESC"
8663|2|1090|10|38|0|0|37.80|0|"FRESC"
8665|1|1104|32|386|240|3|20.30|15|"CARGA"
8666|1|1143|4|401|11|5|36.90|0|"INSEM"
8667|1|1128|3|401|16|6|37.60|0|"INSEM"
8668|2|1139|11|65|12|1|47.10|0|"INSEM"
8669|2|1121|10|33|0|0|21.80|0|"FRESC"
8670|2|1092|10|33|0|0|29.10|0|"FRESC"
8671|2|1091|9|23|0|0|31.90|0|"FRESC"
8672|2|1076|11|55|0|0|43.10|0|"ANEST"
8673|1|1077|4|395|117|4|35.90|0|"CARGA"
8674|2|1085|9|13|0|0|18.80|0|"FRESC"
8676|2|1137|10|37|0|0|28.60|0|"FRESC"
8678|2|1113|40|10|0|0|0.00|0|"FRESC"
8679|1|1338|5|393|14|5|30.60|0|"INSEM"
8680|1|1338|14|393|111|5|18.80|0|"CARGA"
8682|1|1088|4|393|145|2|34.30|0|"CARGA"
8683|2|1098|9|28|0|0|33.30|0|"FRESC"
8684|1|1086|13|389|33|4|27.70|0|"INSEM"
8686|2|1058|11|48|10|0|43.10|0|"LIMPI"
8688|1|1112|4|387|22|11|36.60|0|"INSEM"
8689|1|1056|29|330|279|1|27.80|57|"CARGA"
8690|2|1052|10|43|0|0|39.20|0|"FRESC"
8691|2|1186|10|42|0|0|26.20|0|"FRESC"
8692|2|1102|10|45|0|0|43.60|0|"FRESC"
8693|1|1050|29|326|285|2|27.60|57|"CARGA"
8694|2|1044|10|42|11|0|43.30|0|"LIMPI"
8695|1|1100|14|383|232|5|19.00|0|"CARGA"
8696|2|1275|10|35|0|0|40.70|0|"FRESC"
8697|2|1267|9|27|0|0|31.20|0|"FRESC"
8698|2|1059|10|35|0|0|29.50|0|"FRESC"
8699|2|1063|10|41|0|0|27.60|0|"FRESC"
8700|2|1064|9|25|0|0|32.00|0|"FRESC"
8701|2|1046|10|38|0|0|38.10|0|"FRESC"
8702|2|1051|10|34|0|0|45.70|0|"FRESC"
8703|2|1050|9|29|0|0|32.00|0|"FRESC"
8704|1|1284|3|378|13|6|39.00|0|"INSEM"
8705|1|1056|14|378|110|7|21.20|0|"CARGA"
8706|1|1055|3|378|22|11|43.20|0|"INSEM"
8707|1|1115|29|313|286|2|18.60|64|"CARGA"
8708|2|1073|10|46|0|0|42.60|0|"FRESC"
8709|1|1059|31|353|250|2|11.30|22|"CARGA"
8710|1|1161|5|375|185|5|29.10|0|"CARGA"
8711|2|1085|40|11|0|0|0.00|0|"FRESC"
8712|1|1091|14|374|27|3|18.30|0|"INSEM"
8713|2|1071|10|34|0|0|37.70|0|"FRESC"
8714|1|1052|14|374|230|4|14.80|0|"CARGA"
8715|1|1067|13|373|164|6|25.20|0|"CARGA"
8716|1|1064|31|350|249|3|23.70|22|"CARGA"
8717|2|1059|9|26|0|0|37.60|0|"FRESC"
8718|1|1094|4|371|173|4|34.00|0|"CARGA"
8719|1|1044|29|313|283|2|22.60|57|"CARGA"
8720|1|1071|4|370|28|3|36.10|0|"INSEM"
8721|1|1149|3|370|32|5|47.00|0|"INSEM"
8722|1|1015|13|369|15|5|27.70|0|"INSEM"
8723|1|1053|13|369|203|6|22.70|0|"CARGA"
8724|1|1071|4|369|51|9|35.60|0|"INSEM"
8726|1|1062|29|312|284|2|24.90|57|"CARGA"
8727|1|1045|31|333|262|3|29.60|36|"CARGA"
8729|2|1066|10|35|0|0|40.60|0|"FRESC"
8730|1|1038|31|331|259|2|20.40|36|"CARGA"
8731|2|1125|9|18|0|0|0.00|0|"FRESC"
8733|1|1088|14|365|230|2|22.00|0|"CARGA"
8736|1|1026|14|363|196|4|12.30|0|"CARGA"
8737|1|1042|5|362|183|4|28.40|0|"CARGA"
8738|1|1084|5|361|103|7|28.70|0|"CARGA"
8739|1|1059|29|304|280|2|26.70|57|"CARGA"
8740|1|1034|14|360|114|7|18.10|0|"CARGA"
8742|2|1055|9|26|0|0|40.40|0|"FRESC"
8743|1|1084|29|302|280|1|24.70|57|"CARGA"
8744|1|1082|31|321|258|1|23.60|36|"CARGA"
8745|2|1043|9|14|0|0|22.20|0|"FRESC"
8746|2|1033|9|20|0|0|28.50|0|"FRESC"
8747|1|1083|14|356|233|3|10.60|0|"CARGA"
8748|1|1038|14|355|220|5|7.40|0|"CARGA"
8749|2|1067|9|23|0|0|29.80|0|"FRESC"
8750|1|1020|4|354|20|10|34.70|0|"INSEM"
8752|2|1030|9|21|0|0|21.50|0|"FRESC"
8753|1|1034|31|316|260|1|28.90|36|"CARGA"
8754|1|1096|14|351|181|5|20.20|0|"CARGA"
8755|2|1034|9|20|0|0|33.10|0|"FRESC"
8756|1|1021|13|350|41|5|25.70|0|"SUCIA"
8757|1|1080|31|313|263|2|23.60|36|"CARGA"
8758|1|1149|29|291|279|2|29.00|57|"CARGA"
8759|1|1025|13|347|184|4|23.80|0|"CARGA"
8760|1|1071|14|347|223|3|11.10|0|"CARGA"
8761|1|1015|4|346|22|7|33.70|0|"INSEM"
8762|1|1006|5|344|216|3|28.60|0|"CARGA"
8763|1|1047|4|344|132|7|35.30|0|"CARGA"
8764|1|1046|3|343|108|5|44.00|0|"CARGA"
8765|1|1029|13|342|32|3|25.70|0|"INSEM"
8766|1|1020|13|342|179|5|24.80|0|"CARGA"
8767|1|1108|3|342|146|6|45.20|0|"CARGA"
8768|1|1131|29|291|276|1|23.10|50|"CARGA"
8769|1|991|4|339|161|3|34.80|0|"CARGA"
8770|2|1016|40|10|0|0|0.00|0|"FRESC"
8771|1|983|4|337|18|9|33.90|0|"INSEM"
8773|1|1041|4|337|147|5|35.60|0|"CARGA"
8774|2|1029|40|11|0|0|0.00|0|"FRESC"
8775|1|1066|14|336|230|2|21.60|0|"CARGA"
8776|1|1072|5|335|17|8|31.90|0|"INSEM"
8777|1|998|29|278|280|1|31.10|57|"CARGA"
8779|1|1001|29|277|280|1|19.10|57|"CARGA"
8780|1|1002|32|319|237|1|27.90|15|"CARGA"
8781|1|988|14|334|211|3|16.20|0|"CARGA"
8782|1|1069|5|334|200|2|30.90|0|"CARGA"
8783|1|1011|13|333|236|2|28.30|0|"CARGA"
8784|2|1003|9|20|0|0|25.70|0|"FRESC"
8785|1|990|14|332|194|3|21.60|0|"CARGA"
8786|1|1003|29|282|277|1|30.80|50|"CARGA"
8787|1|1006|13|331|31|10|24.20|0|"INSEM"
8788|1|997|32|287|269|1|22.90|43|"CARGA"
8789|1|1003|5|330|225|1|29.70|0|"CARGA"
8790|1|985|5|329|175|4|33.30|0|"CARGA"
8791|1|1041|5|329|219|2|29.10|0|"CARGA"
8792|1|1061|31|293|264|1|35.50|36|"CARGA"
8793|1|1089|14|329|50|4|18.60|0|"INSEM"
8794|1|1003|13|329|228|2|24.50|0|"CARGA"
8795|1|989|5|327|194|2|28.80|0|"CARGA"
8796|1|1043|13|327|213|3|22.40|0|"CARGA"
8797|1|1033|31|305|250|2|27.10|22|"CARGA"
8799|1|1102|3|327|18|3|41.40|0|"INSEM"
8800|1|1098|31|298|251|1|30.90|29|"CARGA"
8801|1|994|13|326|193|3|24.30|0|"CARGA"
8805|1|1003|5|324|218|4|33.50|0|"CARGA"
8806|1|1089|4|324|26|8|35.80|0|"INSEM"
8807|1|1025|31|287|259|1|32.10|36|"CARGA"
8808|1|999|31|301|247|1|23.90|22|"CARGA"
8809|1|1073|14|322|235|2|13.20|0|"CARGA"
8810|1|1002|14|322|200|3|21.10|0|"CARGA"
8811|1|985|5|319|195|1|28.80|0|"ABORT"
8812|1|997|32|304|241|2|22.90|15|"CARGA"
8813|1|1011|3|318|36|4|40.60|0|"INSEM"
8814|1|990|32|303|237|1|21.90|15|"CARGA"
8815|1|1045|5|316|202|3|29.80|0|"CARGA"
8817|1|994|13|315|227|1|23.70|0|"CARGA"
8818|1|1067|5|314|72|4|30.70|0|"CARGA"
8819|1|1076|4|314|228|2|36.90|0|"CARGA"
8820|1|1227|4|313|226|2|34.90|0|"CARGA"
8821|1|1018|3|312|55|4|39.30|0|"VACIA"
8822|1|1008|5|310|97|3|29.40|0|"CARGA"
8823|1|956|4|310|46|3|36.80|0|"INSEM"
8824|1|1011|31|281|251|1|19.20|29|"CARGA"
8825|1|986|4|309|220|2|35.70|0|"CARGA"
8826|1|1003|14|308|216|2|13.50|0|"CARGA"
8827|1|953|4|307|104|6|37.20|0|"CARGA"
8828|1|964|32|292|243|1|21.80|15|"CARGA"
8829|1|973|5|306|89|3|29.00|0|"CARGA"
8830|1|966|13|304|214|2|23.90|0|"CARGA"
8831|1|968|14|304|200|1|21.60|0|"CARGA"
8832|1|965|4|304|47|3|37.50|0|"INSEM"
8833|1|1001|13|304|215|1|24.00|0|"CARGA"
8834|1|1021|32|289|243|1|25.40|15|"CARGA"
8835|1|981|3|304|202|1|46.90|0|"CARGA"
8838|1|1078|14|302|187|3|19.20|0|"CARGA"
8839|1|1034|5|302|19|10|29.20|0|"INSEM"
8840|1|1034|14|302|211|2|9.90|0|"CARGA"
8841|1|1055|31|280|245|1|21.90|22|"CARGA"
8842|1|1046|13|302|51|6|23.40|0|"INSEM"
8843|1|1032|13|302|18|12|23.00|0|"INSEM"
8846|1|980|14|301|236|1|18.30|0|"CARGA"
8847|1|1107|5|300|236|1|30.60|0|"CARGA"
8848|1|961|5|300|96|3|33.60|0|"CARGA"
8849|1|972|3|299|159|2|37.80|0|"CARGA"
8850|1|1096|13|299|191|3|27.90|0|"CARGA"
8851|1|982|3|299|22|9|42.20|0|"INSEM"
8852|1|987|31|277|248|1|15.40|22|"CARGA"
8853|1|960|5|298|133|2|33.40|0|"CARGA"
8854|1|958|13|297|20|5|23.70|0|"SUCIA"
8855|1|987|13|296|179|4|24.10|0|"CARGA"
8856|1|980|3|295|176|4|42.80|0|"CARGA"
8857|1|978|32|279|238|1|26.00|15|"CARGA"
8859|1|962|13|292|200|3|26.20|0|"CARGA"
8860|1|962|4|292|98|5|36.20|0|"CARGA"
8861|1|1010|14|292|216|1|19.20|0|"CARGA"
8862|1|1015|14|291|209|2|4.20|0|"CARGA"
8863|1|1002|14|291|225|2|22.00|0|"CARGA"
8864|1|975|14|290|55|1|21.30|0|"VACIA"
8865|1|987|14|289|230|1|14.40|0|"CARGA"
8866|1|1119|13|289|16|10|26.30|0|"INSEM"
8867|1|1029|3|288|48|3|38.20|0|"INSEM"
8868|1|968|13|287|218|2|27.40|0|"CARGA"
8869|1|1085|4|286|177|3|34.80|0|"CARGA"
8870|1|940|5|286|188|3|28.40|0|"CARGA"
8871|1|951|5|285|86|6|33.40|0|"CARGA"
8872|1|936|4|284|28|7|35.90|0|"INSEM"
8873|1|938|5|284|124|3|29.50|0|"CARGA"
8874|1|926|5|282|196|1|32.80|0|"CARGA"
8875|1|926|13|280|213|1|24.10|0|"CARGA"
8876|1|1066|3|280|20|4|39.50|0|"INSEM"
8877|1|1028|3|280|40|5|42.40|0|"INSEM"
8878|1|935|5|280|185|2|33.40|0|"CARGA"
8879|1|967|5|279|215|1|32.60|0|"CARGA"
8880|1|924|3|279|160|2|41.10|0|"CARGA"
8881|1|939|14|279|197|2|17.40|0|"CARGA"
8882|1|941|13|278|198|2|26.00|0|"CARGA"
8883|1|958|4|278|20|2|35.60|0|"INSEM"
8884|1|1107|3|278|170|3|45.90|0|"CARGA"
8885|1|1149|13|275|194|2|23.90|0|"CARGA"
8886|1|919|13|273|195|1|28.30|0|"CARGA"
8887|1|1086|4|272|172|3|35.90|0|"CARGA"
8888|1|944|13|272|22|5|23.60|0|"INSEM"
8889|1|941|13|271|219|1|23.10|0|"CARGA"
8890|1|1004|4|269|220|1|37.40|0|"CARGA"
8892|1|939|13|266|186|2|27.70|0|"CARGA"
8893|1|936|5|266|197|1|28.80|0|"CARGA"
8895|1|956|5|261|187|1|32.50|0|"CARGA"
8896|1|1052|4|259|194|1|35.40|0|"CARGA"
8897|1|1083|3|253|26|4|41.40|0|"INSEM"
8898|1|984|3|251|53|3|39.80|0|"INSEM"
8899|1|1010|5|250|191|1|29.60|0|"CARGA"
8900|1|945|5|249|90|4|30.40|0|"CARGA"
8901|1|925|13|249|152|2|24.00|0|"CARGA"
8902|1|927|3|248|101|4|40.40|0|"CARGA"
8903|1|917|13|248|187|1|28.30|0|"CARGA"
8904|1|1000|3|247|42|3|40.20|0|"INSEM"
8905|1|908|3|247|26|8|38.60|0|"INSEM"
8906|1|1119|3|246|145|2|43.40|0|"CARGA"
8907|1|919|5|242|120|2|28.40|0|"CARGA"
8908|1|929|5|242|166|1|28.60|0|"CARGA"
8909|1|921|4|242|27|6|36.40|0|"INSEM"
8910|1|897|4|236|137|3|36.70|0|"CARGA"
8912|1|925|13|235|64|3|23.50|0|"CARGA"
8913|1|916|4|235|159|1|34.50|0|"CARGA"
8915|1|920|3|228|107|3|42.20|0|"CARGA"
8916|1|916|5|227|93|4|33.50|0|"CARGA"
8917|1|916|5|222|174|1|30.70|0|"CARGA"
8919|1|904|3|221|20|1|39.40|0|"SUCIA"
8920|1|889|3|219|175|1|40.30|0|"CARGA"
8921|1|884|4|219|139|1|33.90|0|"CARGA"
8922|1|968|5|219|134|1|31.60|0|"CARGA"
8923|1|872|5|211|18|7|31.10|0|"INSEM"
8924|1|937|5|210|143|1|33.10|0|"CARGA"
8925|1|854|4|206|146|1|37.20|0|"CARGA"
8927|1|880|3|204|58|4|38.80|0|"CARGA"
8928|1|955|4|204|20|4|34.10|0|"INSEM"
8930|1|1028|3|204|35|6|43.40|0|"INSEM"
8931|1|924|5|201|23|1|33.00|0|"INSEM"
8932|1|867|5|201|34|4|33.60|0|"INSEM"
8933|1|919|3|199|114|1|49.10|0|"CARGA"
8934|1|874|3|199|104|1|38.20|0|"CARGA"
8935|1|883|13|198|147|1|23.20|0|"CARGA"
8936|1|1081|14|198|69|2|20.20|0|"CARGA"
8938|1|1168|3|197|18|4|40.50|0|"INSEM"
8939|1|883|3|196|55|3|44.60|0|"CARGA"
8940|1|857|3|195|100|2|38.40|0|"CARGA"
8941|1|839|14|195|88|4|14.90|0|"CARGA"
8942|1|883|3|194|143|1|41.20|0|"CARGA"
8943|1|881|4|194|28|1|36.80|0|"INSEM"
8944|1|925|3|194|91|2|37.70|0|"CARGA"
8945|1|868|14|193|62|4|20.10|0|"CARGA"
8946|1|887|4|192|79|4|36.30|0|"CARGA"
8947|1|879|3|191|35|4|38.10|0|"INSEM"
8948|1|955|3|189|32|4|40.60|0|"INSEM"
8949|1|893|14|189|21|6|19.00|0|"INSEM"
8951|1|870|5|189|106|1|29.40|0|"CARGA"
8952|1|1044|3|189|139|1|41.50|0|"CARGA"
8953|1|936|5|188|52|2|32.80|0|"INSEM"
8954|1|856|4|187|92|3|35.70|0|"CARGA"
8955|1|847|13|187|133|1|26.20|0|"CARGA"
8957|1|874|4|182|18|4|36.70|0|"INSEM"
8958|1|835|3|181|15|4|38.60|0|"INSEM"
8959|1|1009|4|180|60|2|37.00|0|"CARGA"
8960|1|860|3|178|24|2|38.20|0|"INSEM"
8961|1|1003|4|177|104|1|35.30|0|"CARGA"
8962|1|866|4|176|36|4|36.70|0|"INSEM"
8963|1|870|3|175|28|3|42.90|0|"INSEM"
8965|1|882|4|174|105|1|36.40|0|"CARGA"
8966|1|1094|3|174|112|1|49.20|0|"CARGA"
8967|1|860|5|174|79|2|28.70|0|"CARGA"
8968|1|838|4|172|28|4|35.40|0|"INSEM"
8970|1|908|4|171|25|3|35.70|0|"INSEM"
8971|1|884|3|171|63|2|38.30|0|"CARGA"
8972|1|929|4|166|81|1|34.90|0|"CARGA"
8973|1|900|3|165|82|1|39.30|0|"CARGA"
8974|1|955|5|165|41|2|30.60|0|"INSEM"
8975|1|1116|13|165|55|1|28.30|0|"CARGA"
8976|1|845|4|164|48|1|33.80|0|"INSEM"
8977|1|863|5|162|40|2|31.50|0|"INSEM"
8978|1|856|5|160|97|1|32.90|0|"CARGA"
8979|1|878|4|158|37|2|36.60|0|"INSEM"
8980|1|856|3|158|62|1|38.60|0|"CARGA"
8981|1|857|4|155|90|1|33.60|0|"CARGA"
8982|1|849|3|154|13|2|38.40|0|"SUCIA"
8983|1|793|3|151|20|4|38.20|0|"INSEM"
8985|1|829|3|150|55|1|39.50|0|"CARGA"
8986|1|809|4|149|61|2|33.90|0|"CARGA"
8987|1|796|4|148|12|2|33.80|0|"INSEM"
8988|1|823|4|148|19|3|34.30|0|"INSEM"
8989|1|815|5|147|13|3|31.30|0|"INSEM"
8990|1|819|3|146|12|3|39.90|0|"INSEM"
8991|1|948|5|143|27|1|29.30|0|"INSEM"
8992|1|826|14|140|73|1|19.90|0|"CARGA"
8993|1|825|13|139|84|1|27.80|0|"CARGA"
8994|1|804|3|138|32|2|45.40|0|"INSEM"
8995|1|841|13|138|81|1|27.60|0|"CARGA"
8996|1|827|3|137|18|3|40.60|0|"INSEM"
8997|1|833|13|136|20|2|24.90|0|"INSEM"
8998|1|809|14|133|19|2|19.30|0|"INSEM"
8999|1|845|13|133|70|1|27.40|0|"CARGA"
9000|1|817|4|130|40|3|37.50|0|"INSEM"
9001|1|1034|4|130|12|2|35.40|0|"INSEM"
9002|1|820|3|130|11|3|44.60|0|"INSEM"
9003|1|803|13|128|21|3|27.00|0|"INSEM"
9004|1|819|4|126|25|4|35.20|0|"INSEM"
9005|1|815|3|125|18|2|42.10|0|"INSEM"
9006|1|795|4|125|25|2|35.30|0|"INSEM"
9007|1|810|5|125|25|2|31.60|0|"INSEM"
9008|1|812|3|125|48|1|49.00|0|"INSEM"
9009|1|779|5|125|20|0|33.00|0|"SUCIA"
9010|1|941|4|125|20|3|34.90|0|"INSEM"
9011|1|773|4|124|11|3|35.50|0|"INSEM"
9012|1|790|5|124|63|1|31.40|0|"CARGA"
9013|1|801|3|124|23|2|40.70|0|"INSEM"
9014|1|813|3|124|13|1|38.10|0|"INSEM"
9015|1|759|5|122|19|3|31.10|0|"INSEM"
9016|1|790|5|122|27|1|33.20|0|"INSEM"
9017|1|792|4|122|35|1|34.10|0|"SUCIA"
9018|1|809|4|122|20|1|36.90|0|"INSEM"
9019|1|791|13|121|15|4|24.80|0|"INSEM"
9020|1|784|13|121|20|1|24.80|0|"SUCIA"
9021|1|791|3|121|55|1|41.60|0|"CARGA"
9022|1|780|5|119|49|1|33.30|0|"INSEM"
9023|1|1058|4|119|34|1|34.10|0|"INSEM"
9024|1|790|5|118|41|1|30.10|0|"INSEM"
9025|1|792|4|118|47|2|34.10|0|"INSEM"
9026|1|786|3|117|24|2|37.50|0|"INSEM"
9027|1|792|5|116|55|1|32.00|0|"CARGA"
9028|1|975|5|116|0|0|32.30|0|"ANEST"
9029|1|784|5|116|55|1|31.60|0|"CARGA"
9030|1|875|14|113|82|0|20.60|0|"LIMPI"
9031|1|805|3|112|45|1|58.60|0|"INSEM"
9032|1|821|3|111|53|1|37.60|0|"INSEM"
9033|1|792|5|110|47|1|33.50|0|"INSEM"
9034|1|825|13|108|13|1|27.60|0|"INSEM"
9035|1|815|4|108|19|2|36.60|0|"INSEM"
9036|1|771|14|108|16|2|22.20|0|"INSEM"
9037|1|787|13|107|26|1|24.20|0|"INSEM"
9038|1|837|4|106|45|1|33.70|0|"INSEM"
9039|1|827|13|106|27|1|25.20|0|"INSEM"
9040|1|798|5|105|22|1|32.40|0|"INSEM"
9041|1|794|5|105|35|1|32.80|0|"INSEM"
9042|1|775|4|104|33|1|36.20|0|"INSEM"
9043|1|941|5|104|18|1|30.90|0|"INSEM"
9044|1|829|13|101|11|3|26.40|0|"INSEM"
9045|1|888|4|97|19|0|35.00|0|"SUCIA"
9046|1|792|5|97|10|2|31.10|0|"INSEM"
9047|1|848|4|97|34|1|36.90|0|"INSEM"
9048|1|776|4|96|21|1|36.70|0|"INSEM"
9050|1|740|4|93|34|1|34.20|0|"INSEM"
9051|1|789|3|93|13|2|38.80|0|"INSEM"
9052|1|751|4|91|34|1|36.10|0|"INSEM"
9053|1|963|3|90|15|1|43.10|0|"INSEM"
9054|1|766|2|87|50|0|37.00|0|"LIMPI"
9055|1|758|5|87|27|1|29.70|0|"INSEM"
9056|1|988|2|85|0|0|34.10|0|"ANEST"
9057|1|772|2|84|19|1|35.50|0|"INSEM"
9058|1|802|2|83|20|1|34.50|0|"INSEM"
9059|1|787|2|82|10|2|38.60|0|"INSEM"
9060|1|818|2|82|24|1|23.00|0|"INSEM"
9061|1|762|2|82|37|0|34.60|0|"LIMPI"
9062|1|769|2|82|26|1|28.30|0|"INSEM"
9063|1|751|2|82|11|2|38.10|0|"INSEM"
9064|1|740|2|81|18|1|34.10|0|"INSEM"
9065|1|764|2|81|24|1|27.00|0|"INSEM"
9066|1|793|2|81|26|1|31.60|0|"INSEM"
9068|1|768|2|77|0|0|39.90|0|"ANEST"
9069|1|786|2|76|31|1|35.00|0|"INSEM"
9070|1|782|2|75|24|1|35.40|0|"INSEM"
9071|1|762|2|75|11|1|30.50|0|"INSEM"
9072|1|751|2|74|19|1|41.60|0|"INSEM"
9073|1|756|2|73|14|1|35.30|0|"INSEM"
9074|1|755|2|73|0|0|31.60|0|"ANEST"
9075|1|849|2|72|40|0|38.30|0|"LIMPI"
9076|1|817|2|71|29|0|32.00|0|"LIMPI"
9077|1|743|2|71|17|1|30.30|0|"INSEM"
9078|1|813|2|70|23|0|43.10|0|"LIMPI"
9079|1|795|2|69|0|0|27.80|0|"ANEST"
9080|1|764|2|69|0|0|32.00|0|"ANEST"
9081|1|758|2|69|0|0|24.30|0|"ANEST"
9082|1|743|2|69|0|0|28.30|0|"ANEST"
9083|1|810|2|69|0|0|13.60|0|"ANEST"
9084|1|776|2|67|19|1|25.70|0|"INSEM"
9085|1|745|2|67|0|0|24.30|0|"ANEST"
9086|1|772|2|67|0|0|33.90|0|"ANEST"
9087|1|747|2|66|0|0|25.70|0|"ANEST"
9088|1|778|2|65|19|1|31.20|0|"INSEM"
9089|1|796|2|64|0|0|29.10|0|"ANEST"
9090|1|780|2|64|0|0|28.40|0|"ANEST"
9091|1|1022|2|63|0|0|31.50|0|"ANEST"
9092|1|770|2|62|23|0|36.60|0|"LIMPI"
9093|1|741|2|62|0|0|28.30|0|"ANEST"
9094|1|751|2|60|0|0|27.80|0|"ANEST"
9095|1|756|2|60|0|0|33.60|0|"ANEST"
9096|1|912|2|59|0|0|39.70|0|"ANEST"
9097|1|744|2|58|19|1|20.10|0|"INSEM"
9098|1|777|2|58|0|0|33.30|0|"ANEST"
9099|1|745|2|58|0|0|29.80|0|"ANEST"
9100|1|790|2|58|0|0|30.00|0|"ANEST"
9101|1|723|2|57|0|0|32.70|0|"ANEST"
9102|1|800|2|56|0|0|23.60|0|"ANEST"
9103|1|801|2|55|22|0|31.60|0|"LIMPI"
9104|1|923|2|55|0|0|27.90|0|"ANEST"
9105|1|810|2|53|0|0|28.40|0|"FRESC"
9106|1|726|2|53|0|0|31.80|0|"FRESC"
9107|1|719|2|53|0|0|15.80|0|"FRESC"
9108|1|766|2|52|0|0|22.70|0|"FRESC"
9109|1|746|2|52|0|0|28.60|0|"FRESC"
9110|1|802|2|52|15|0|11.10|0|"LIMPI"
9111|1|767|2|51|0|0|25.20|0|"FRESC"
9112|1|721|2|51|0|0|33.80|0|"FRESC"
9113|1|770|2|50|0|0|33.60|0|"FRESC"
9114|1|767|2|49|0|0|27.20|0|"FRESC"
9115|1|743|1|48|0|0|30.60|0|"FRESC"
9116|1|720|1|48|0|0|24.00|0|"FRESC"
9117|1|737|1|48|0|0|32.90|0|"FRESC"
9118|1|720|2|48|0|0|16.70|0|"FRESC"
9119|1|704|1|47|0|0|20.00|0|"FRESC"
9120|1|745|1|47|0|0|24.80|0|"FRESC"
9121|1|738|1|47|0|0|26.60|0|"FRESC"
9122|1|727|1|47|0|0|31.70|0|"FRESC"
9123|1|801|1|46|0|0|32.30|0|"FRESC"
9124|1|750|1|46|0|0|28.10|0|"FRESC"
9125|1|806|1|45|0|0|26.00|0|"FRESC"
9126|1|747|1|44|0|0|28.20|0|"FRESC"
9127|1|740|1|44|0|0|23.60|0|"FRESC"
9128|1|722|1|43|0|0|25.60|0|"FRESC"
9129|1|785|1|43|0|0|31.50|0|"FRESC"
9130|1|735|1|43|0|0|27.60|0|"FRESC"
9131|1|731|1|43|0|0|16.30|0|"FRESC"
9132|1|729|1|43|0|0|28.20|0|"FRESC"
9133|1|767|1|42|0|0|24.90|0|"FRESC"
9134|1|762|1|41|0|0|20.90|0|"FRESC"
9135|1|709|1|40|0|0|30.80|0|"FRESC"
9136|1|749|1|39|27|0|30.10|0|"LIMPI"
9137|1|696|1|39|0|0|15.30|0|"FRESC"
9138|1|724|1|38|0|0|25.60|0|"FRESC"
9139|1|724|1|38|0|0|22.50|0|"FRESC"
9140|1|696|1|38|0|0|18.70|0|"FRESC"
9141|1|738|1|37|0|0|11.70|0|"FRESC"
9142|1|724|1|37|0|0|27.20|0|"FRESC"
9143|1|721|1|36|0|0|33.60|0|"FRESC"
9144|1|827|1|34|0|0|28.70|0|"FRESC"
9145|1|697|1|34|0|0|20.80|0|"FRESC"
9146|1|741|1|34|0|0|21.00|0|"FRESC"
9147|1|739|1|33|0|0|24.60|0|"FRESC"
9148|1|684|1|32|0|0|10.00|0|"FRESC"
9150|1|684|1|31|0|0|26.20|0|"FRESC"
9151|1|732|1|29|0|0|27.90|0|"FRESC"
9152|1|704|1|29|0|0|26.60|0|"FRESC"
9153|1|726|1|28|0|0|17.60|0|"FRESC"
9154|1|710|1|28|0|0|21.50|0|"FRESC"
9155|1|759|1|28|0|0|18.70|0|"FRESC"
9156|1|789|1|26|0|0|19.60|0|"FRESC"
9157|1|756|1|26|0|0|20.40|0|"FRESC"
9158|1|684|1|24|0|0|18.70|0|"FRESC"
9159|1|711|1|24|0|0|11.00|0|"FRESC"
9160|1|696|1|23|0|0|23.30|0|"FRESC"
9161|1|710|1|23|0|0|17.60|0|"FRESC"
9162|1|679|1|22|0|0|22.10|0|"FRESC"
9163|1|685|1|22|0|0|18.80|0|"FRESC"
9164|1|743|1|22|0|0|28.40|0|"FRESC"
9165|1|679|1|19|0|0|20.60|0|"FRESC"
9166|1|751|1|18|0|0|23.40|0|"FRESC"
9167|1|792|1|18|0|0|9.70|0|"FRESC"
9168|1|750|1|17|0|0|24.00|0|"FRESC"
9169|1|697|1|17|0|0|16.20|0|"FRESC"
9170|1|703|1|15|0|0|17.60|0|"FRESC"
9171|1|725|1|14|0|0|20.00|0|"FRESC"
9172|1|718|1|14|0|0|5.00|0|"FRESC"
9173|1|753|1|12|0|0|0.00|0|"FRESC"
9174|1|700|1|12|0|0|0.00|0|"FRESC"
9175|1|688|1|12|0|0|0.00|0|"FRESC"
9176|1|683|1|12|0|0|0.00|0|"FRESC"
9177|1|756|1|11|0|0|0.00|0|"FRESC"
9178|1|704|1|11|0|0|0.00|0|"FRESC"
9179|1|679|1|10|0|0|0.00|0|"FRESC"
